Interval=	0,01 s
ExcelDateTime=	4,1795673598807873e+004	05.06.2014 16:09:58,937
TimeFormat=	StartOfBlock
ChannelTitle=	Channel 1
Range=	20,000 mV
0,0	-1,017
0,01	-1,011
0,02	-1,007
0,03	-1,004
0,04	-1,004
0,05	-1,004
0,06	-1,006
0,07	-1,008
0,08	-1,010
0,09	-1,011
0,1	-1,012
0,11	-1,011
0,12	-1,008
0,13	-1,005
0,14	-1,002
0,15	-0,998
0,16	-0,994
0,17	-0,988
0,18	-0,985
0,19	-0,984
0,2	-0,980
0,21	-0,974
0,22	-0,971
0,23	-0,967
0,24	-0,961
0,25	-0,951
0,26	-0,941
0,27	-0,931
0,28	-0,915
0,29	-0,893
0,3	-0,864
0,31	-0,828
0,32	-0,780
0,33	-0,718
0,34	-0,642
0,35	-0,558
0,36	-0,465
0,37	-0,362
0,38	-0,252
0,39	-0,141
0,4	-0,033
0,41	0,074
0,42	0,184
0,43	0,296
0,44	0,411
0,45	0,531
0,46	0,653
0,47	0,773
0,48	0,894
0,49	1,016
0,5	1,134
0,51	1,246
0,52	1,351
0,53	1,453
0,54	1,549
0,55	1,639
0,56	1,724
0,57	1,808
0,58	1,889
0,59	1,969
0,6	2,050
0,61	2,136
0,62	2,227
0,63	2,323
0,64	2,421
0,65	2,516
0,66	2,615
0,67	2,717
0,68	2,817
0,69	2,925
0,7	3,044
0,71	3,164
0,72	3,279
0,73	3,391
0,74	3,500
0,75	3,605
0,76	3,706
0,77	3,807
0,78	3,908
0,79	4,008
0,8	4,106
0,81	4,205
0,82	4,304
0,83	4,403
0,84	4,501
0,85	4,598
0,86	4,691
0,87	4,784
0,88	4,876
0,89	4,966
0,9	5,051
0,91	5,133
0,92	5,210
0,93	5,284
0,94	5,360
0,95	5,443
0,96	5,529
0,97	5,617
0,98	5,709
0,99	5,800
1,0	5,886
1,01	5,971
1,02	6,059
1,03	6,148
1,04	6,237
1,05	6,327
1,06	6,418
1,07	6,504
1,08	6,586
1,09	6,668
1,1	6,752
1,11	6,837
1,12	6,923
1,13	7,006
1,14	7,083
1,15	7,156
1,16	7,225
1,17	7,289
1,18	7,349
1,19	7,406
1,2	7,461
1,21	7,515
1,22	7,564
1,23	7,608
1,24	7,652
1,25	7,695
1,26	7,734
1,27	7,769
1,28	7,801
1,29	7,828
1,3	7,849
1,31	7,865
1,32	7,877
1,33	7,889
1,34	7,901
1,35	7,909
1,36	7,913
1,37	7,913
1,38	7,910
1,39	7,902
1,4	7,891
1,41	7,879
1,42	7,872
1,43	7,862
1,44	7,853
1,45	7,843
1,46	7,823
1,47	7,803
1,48	7,793
1,49	7,779
1,5	7,760
1,51	7,739
1,52	7,716
1,53	7,692
1,54	7,666
1,55	7,641
1,56	7,615
1,57	7,588
1,58	7,558
1,59	7,526
1,6	7,493
1,61	7,461
1,62	7,429
1,63	7,396
1,64	7,364
1,65	7,331
1,66	7,296
1,67	7,261
1,68	7,224
1,69	7,189
1,7	7,152
1,71	7,113
1,72	7,075
1,73	7,038
1,74	6,997
1,75	6,956
1,76	6,918
1,77	6,876
1,78	6,835
1,79	6,796
1,8	6,756
1,81	6,712
1,82	6,668
1,83	6,628
1,84	6,589
1,85	6,552
1,86	6,514
1,87	6,477
1,88	6,438
1,89	6,396
1,9	6,349
1,91	6,296
1,92	6,239
1,93	6,179
1,94	6,116
1,95	6,049
1,96	5,978
1,97	5,901
1,98	5,819
1,99	5,729
2,0	5,634
2,01	5,535
2,02	5,433
2,03	5,333
2,04	5,234
2,05	5,136
2,06	5,039
2,07	4,940
2,08	4,840
2,09	4,740
2,1	4,642
2,11	4,544
2,12	4,443
2,13	4,338
2,14	4,234
2,15	4,132
2,16	4,028
2,17	3,924
2,18	3,821
2,19	3,716
2,2	3,611
2,21	3,504
2,22	3,400
2,23	3,308
2,24	3,221
2,25	3,133
2,26	3,043
2,27	2,948
2,28	2,848
2,29	2,741
2,3	2,632
2,31	2,524
2,32	2,418
2,33	2,312
2,34	2,209
2,35	2,112
2,36	2,016
2,37	1,923
2,38	1,834
2,39	1,748
2,4	1,667
2,41	1,587
2,42	1,506
2,43	1,423
2,44	1,339
2,45	1,255
2,46	1,171
2,47	1,083
2,48	0,994
2,49	0,909
2,5	0,828
2,51	0,744
2,52	0,664
2,53	0,588
2,54	0,505
2,55	0,417
2,56	0,330
2,57	0,241
2,58	0,150
2,59	0,054
2,6	-0,046
2,61	-0,145
2,62	-0,244
2,63	-0,344
2,64	-0,446
2,65	-0,546
2,66	-0,647
2,67	-0,747
2,68	-0,847
2,69	-0,946
2,7	-1,044
2,71	-1,142
2,72	-1,239
2,73	-1,334
2,74	-1,426
2,75	-1,516
2,76	-1,604
2,77	-1,689
2,78	-1,771
2,79	-1,851
2,8	-1,929
2,81	-2,008
2,82	-2,086
2,83	-2,160
2,84	-2,230
2,85	-2,297
2,86	-2,359
2,87	-2,418
2,88	-2,473
2,89	-2,524
2,9	-2,571
2,91	-2,615
2,92	-2,656
2,93	-2,698
2,94	-2,739
2,95	-2,781
2,96	-2,825
2,97	-2,871
2,98	-2,914
2,99	-2,954
3,0	-2,990
3,01	-3,021
3,02	-3,048
3,03	-3,073
3,04	-3,097
3,05	-3,118
3,06	-3,135
3,07	-3,148
3,08	-3,158
3,09	-3,169
3,1	-3,181
3,11	-3,194
3,12	-3,205
3,13	-3,212
3,14	-3,218
3,15	-3,224
3,16	-3,231
3,17	-3,238
3,18	-3,250
3,19	-3,263
3,2	-3,272
3,21	-3,281
3,22	-3,288
3,23	-3,300
3,24	-3,322
3,25	-3,348
3,26	-3,373
3,27	-3,396
3,28	-3,417
3,29	-3,436
3,3	-3,455
3,31	-3,471
3,32	-3,486
3,33	-3,498
3,34	-3,511
3,35	-3,524
3,36	-3,537
3,37	-3,546
3,38	-3,551
3,39	-3,554
3,4	-3,555
3,41	-3,556
3,42	-3,556
3,43	-3,559
3,44	-3,563
3,45	-3,569
3,46	-3,577
3,47	-3,583
3,48	-3,586
3,49	-3,590
3,5	-3,589
3,51	-3,584
3,52	-3,583
3,53	-3,587
3,54	-3,591
3,55	-3,594
3,56	-3,595
3,57	-3,596
3,58	-3,599
3,59	-3,601
3,6	-3,603
3,61	-3,604
3,62	-3,605
3,63	-3,605
3,64	-3,604
3,65	-3,603
3,66	-3,602
3,67	-3,600
3,68	-3,596
3,69	-3,591
3,7	-3,585
3,71	-3,578
3,72	-3,570
3,73	-3,563
3,74	-3,556
3,75	-3,548
3,76	-3,541
3,77	-3,534
3,78	-3,526
3,79	-3,517
3,8	-3,508
3,81	-3,499
3,82	-3,489
3,83	-3,479
3,84	-3,469
3,85	-3,458
3,86	-3,446
3,87	-3,433
3,88	-3,420
3,89	-3,407
3,9	-3,394
3,91	-3,381
3,92	-3,369
3,93	-3,356
3,94	-3,344
3,95	-3,333
3,96	-3,321
3,97	-3,310
3,98	-3,299
3,99	-3,287
4,0	-3,276
4,01	-3,264
4,02	-3,252
4,03	-3,241
4,04	-3,229
4,05	-3,218
4,06	-3,205
4,07	-3,191
4,08	-3,176
4,09	-3,164
4,1	-3,154
4,11	-3,144
4,12	-3,134
4,13	-3,123
4,14	-3,111
4,15	-3,103
4,16	-3,100
4,17	-3,096
4,18	-3,094
4,19	-3,092
4,2	-3,087
4,21	-3,087
4,22	-3,094
4,23	-3,105
4,24	-3,118
4,25	-3,129
4,26	-3,136
4,27	-3,138
4,28	-3,140
4,29	-3,142
4,3	-3,144
4,31	-3,146
4,32	-3,150
4,33	-3,154
4,34	-3,158
4,35	-3,160
4,36	-3,161
4,37	-3,159
4,38	-3,155
4,39	-3,151
4,4	-3,147
4,41	-3,144
4,42	-3,140
4,43	-3,135
4,44	-3,127
4,45	-3,117
4,46	-3,107
4,47	-3,098
4,48	-3,084
4,49	-3,070
4,5	-3,057
4,51	-3,043
4,52	-3,028
4,53	-3,014
4,54	-2,998
4,55	-2,982
4,56	-2,967
4,57	-2,952
4,58	-2,938
4,59	-2,924
4,6	-2,911
4,61	-2,898
4,62	-2,883
4,63	-2,869
4,64	-2,855
4,65	-2,841
4,66	-2,827
4,67	-2,813
4,68	-2,799
4,69	-2,785
4,7	-2,772
4,71	-2,759
4,72	-2,744
4,73	-2,731
4,74	-2,716
4,75	-2,702
4,76	-2,688
4,77	-2,675
4,78	-2,662
4,79	-2,649
4,8	-2,636
4,81	-2,623
4,82	-2,611
4,83	-2,598
4,84	-2,586
4,85	-2,574
4,86	-2,563
4,87	-2,552
4,88	-2,541
4,89	-2,531
4,9	-2,521
4,91	-2,511
4,92	-2,501
4,93	-2,492
4,94	-2,483
4,95	-2,474
4,96	-2,466
4,97	-2,459
4,98	-2,451
4,99	-2,443
5,0	-2,436
5,01	-2,429
5,02	-2,422
5,03	-2,414
5,04	-2,407
5,05	-2,399
5,06	-2,389
5,07	-2,379
5,08	-2,368
5,09	-2,356
5,1	-2,346
5,11	-2,337
5,12	-2,328
5,13	-2,314
5,14	-2,297
5,15	-2,283
5,16	-2,274
5,17	-2,265
5,18	-2,257
5,19	-2,249
5,2	-2,236
5,21	-2,221
5,22	-2,206
5,23	-2,191
5,24	-2,176
5,25	-2,161
5,26	-2,146
5,27	-2,131
5,28	-2,114
5,29	-2,096
5,3	-2,076
5,31	-2,051
5,32	-2,023
5,33	-1,991
5,34	-1,958
5,35	-1,921
5,36	-1,882
5,37	-1,842
5,38	-1,800
5,39	-1,758
5,4	-1,713
5,41	-1,667
5,42	-1,619
5,43	-1,569
5,44	-1,514
5,45	-1,450
5,46	-1,383
5,47	-1,318
5,48	-1,248
5,49	-1,177
5,5	-1,111
5,51	-1,047
5,52	-0,979
5,53	-0,909
5,54	-0,835
5,55	-0,756
5,56	-0,676
5,57	-0,594
5,58	-0,513
5,59	-0,433
5,6	-0,350
5,61	-0,266
5,62	-0,183
5,63	-0,100
5,64	-0,014
5,65	0,076
5,66	0,167
5,67	0,256
5,68	0,344
5,69	0,431
5,7	0,519
5,71	0,609
5,72	0,703
5,73	0,796
5,74	0,890
5,75	0,983
5,76	1,074
5,77	1,164
5,78	1,254
5,79	1,340
5,8	1,424
5,81	1,508
5,82	1,593
5,83	1,681
5,84	1,772
5,85	1,866
5,86	1,959
5,87	2,053
5,88	2,149
5,89	2,248
5,9	2,349
5,91	2,451
5,92	2,553
5,93	2,652
5,94	2,752
5,95	2,853
5,96	2,949
5,97	3,038
5,98	3,124
5,99	3,206
6,0	3,284
6,01	3,361
6,02	3,439
6,03	3,516
6,04	3,591
6,05	3,666
6,06	3,742
6,07	3,814
6,08	3,878
6,09	3,942
6,1	4,005
6,11	4,064
6,12	4,133
6,13	4,211
6,14	4,285
6,15	4,357
6,16	4,428
6,17	4,495
6,18	4,560
6,19	4,626
6,2	4,691
6,21	4,753
6,22	4,814
6,23	4,870
6,24	4,923
6,25	4,974
6,26	5,026
6,27	5,079
6,28	5,135
6,29	5,195
6,3	5,258
6,31	5,322
6,32	5,384
6,33	5,444
6,34	5,504
6,35	5,563
6,36	5,619
6,37	5,676
6,38	5,732
6,39	5,785
6,4	5,838
6,41	5,894
6,42	5,943
6,43	5,987
6,44	6,034
6,45	6,081
6,46	6,128
6,47	6,178
6,48	6,228
6,49	6,281
6,5	6,336
6,51	6,393
6,52	6,447
6,53	6,501
6,54	6,553
6,55	6,603
6,56	6,648
6,57	6,690
6,58	6,732
6,59	6,774
6,6	6,817
6,61	6,863
6,62	6,909
6,63	6,953
6,64	6,996
6,65	7,039
6,66	7,082
6,67	7,121
6,68	7,157
6,69	7,192
6,7	7,223
6,71	7,250
6,72	7,278
6,73	7,309
6,74	7,341
6,75	7,372
6,76	7,402
6,77	7,431
6,78	7,459
6,79	7,485
6,8	7,510
6,81	7,536
6,82	7,563
6,83	7,584
6,84	7,598
6,85	7,606
6,86	7,611
6,87	7,612
6,88	7,612
6,89	7,610
6,9	7,608
6,91	7,602
6,92	7,594
6,93	7,582
6,94	7,560
6,95	7,540
6,96	7,527
6,97	7,509
6,98	7,486
6,99	7,460
7,0	7,432
7,01	7,401
7,02	7,367
7,03	7,334
7,04	7,300
7,05	7,264
7,06	7,226
7,07	7,186
7,08	7,147
7,09	7,109
7,1	7,071
7,11	7,034
7,12	6,995
7,13	6,956
7,14	6,916
7,15	6,876
7,16	6,836
7,17	6,798
7,18	6,759
7,19	6,720
7,2	6,683
7,21	6,648
7,22	6,607
7,23	6,569
7,24	6,534
7,25	6,495
7,26	6,454
7,27	6,417
7,28	6,376
7,29	6,331
7,3	6,277
7,31	6,219
7,32	6,162
7,33	6,106
7,34	6,048
7,35	5,989
7,36	5,930
7,37	5,869
7,38	5,806
7,39	5,737
7,4	5,665
7,41	5,586
7,42	5,504
7,43	5,417
7,44	5,324
7,45	5,227
7,46	5,127
7,47	5,024
7,48	4,921
7,49	4,817
7,5	4,715
7,51	4,612
7,52	4,511
7,53	4,414
7,54	4,320
7,55	4,223
7,56	4,125
7,57	4,026
7,58	3,924
7,59	3,814
7,6	3,696
7,61	3,567
7,62	3,426
7,63	3,277
7,64	3,124
7,65	2,973
7,66	2,824
7,67	2,685
7,68	2,553
7,69	2,424
7,7	2,297
7,71	2,174
7,72	2,063
7,73	1,963
7,74	1,861
7,75	1,759
7,76	1,656
7,77	1,549
7,78	1,438
7,79	1,327
7,8	1,215
7,81	1,103
7,82	0,991
7,83	0,881
7,84	0,775
7,85	0,672
7,86	0,568
7,87	0,459
7,88	0,346
7,89	0,229
7,9	0,106
7,91	-0,019
7,92	-0,146
7,93	-0,275
7,94	-0,403
7,95	-0,527
7,96	-0,645
7,97	-0,756
7,98	-0,861
7,99	-0,958
8,0	-1,048
8,01	-1,133
8,02	-1,210
8,03	-1,281
8,04	-1,356
8,05	-1,433
8,06	-1,508
8,07	-1,579
8,08	-1,646
8,09	-1,709
8,1	-1,768
8,11	-1,823
8,12	-1,877
8,13	-1,930
8,14	-1,979
8,15	-2,025
8,16	-2,069
8,17	-2,112
8,18	-2,155
8,19	-2,197
8,2	-2,237
8,21	-2,277
8,22	-2,319
8,23	-2,360
8,24	-2,400
8,25	-2,439
8,26	-2,481
8,27	-2,524
8,28	-2,566
8,29	-2,607
8,3	-2,648
8,31	-2,686
8,32	-2,719
8,33	-2,749
8,34	-2,779
8,35	-2,811
8,36	-2,843
8,37	-2,876
8,38	-2,913
8,39	-2,954
8,4	-2,997
8,41	-3,042
8,42	-3,084
8,43	-3,126
8,44	-3,166
8,45	-3,204
8,46	-3,241
8,47	-3,279
8,48	-3,316
8,49	-3,352
8,5	-3,388
8,51	-3,421
8,52	-3,453
8,53	-3,479
8,54	-3,499
8,55	-3,516
8,56	-3,527
8,57	-3,539
8,58	-3,547
8,59	-3,549
8,6	-3,551
8,61	-3,548
8,62	-3,541
8,63	-3,538
8,64	-3,546
8,65	-3,563
8,66	-3,582
8,67	-3,599
8,68	-3,614
8,69	-3,631
8,7	-3,644
8,71	-3,652
8,72	-3,659
8,73	-3,664
8,74	-3,669
8,75	-3,673
8,76	-3,676
8,77	-3,679
8,78	-3,685
8,79	-3,689
8,8	-3,692
8,81	-3,692
8,82	-3,691
8,83	-3,688
8,84	-3,686
8,85	-3,685
8,86	-3,684
8,87	-3,681
8,88	-3,678
8,89	-3,674
8,9	-3,664
8,91	-3,654
8,92	-3,646
8,93	-3,638
8,94	-3,629
8,95	-3,620
8,96	-3,609
8,97	-3,595
8,98	-3,581
8,99	-3,566
9,0	-3,551
9,01	-3,536
9,02	-3,522
9,03	-3,507
9,04	-3,493
9,05	-3,481
9,06	-3,473
9,07	-3,465
9,08	-3,459
9,09	-3,453
9,1	-3,446
9,11	-3,441
9,12	-3,436
9,13	-3,431
9,14	-3,426
9,15	-3,421
9,16	-3,416
9,17	-3,413
9,18	-3,411
9,19	-3,408
9,2	-3,404
9,21	-3,399
9,22	-3,393
9,23	-3,386
9,24	-3,379
9,25	-3,370
9,26	-3,361
9,27	-3,352
9,28	-3,343
9,29	-3,332
9,3	-3,322
9,31	-3,311
9,32	-3,299
9,33	-3,288
9,34	-3,274
9,35	-3,259
9,36	-3,245
9,37	-3,230
9,38	-3,215
9,39	-3,200
9,4	-3,185
9,41	-3,170
9,42	-3,154
9,43	-3,138
9,44	-3,119
9,45	-3,102
9,46	-3,086
9,47	-3,072
9,48	-3,057
9,49	-3,039
9,5	-3,016
9,51	-2,996
9,52	-2,980
9,53	-2,964
9,54	-2,953
9,55	-2,942
9,56	-2,926
9,57	-2,908
9,58	-2,886
9,59	-2,866
9,6	-2,849
9,61	-2,839
9,62	-2,834
9,63	-2,832
9,64	-2,834
9,65	-2,841
9,66	-2,851
9,67	-2,864
9,68	-2,876
9,69	-2,888
9,7	-2,897
9,71	-2,904
9,72	-2,909
9,73	-2,911
9,74	-2,911
9,75	-2,908
9,76	-2,903
9,77	-2,897
9,78	-2,891
9,79	-2,886
9,8	-2,880
9,81	-2,872
9,82	-2,865
9,83	-2,859
9,84	-2,848
9,85	-2,837
9,86	-2,828
9,87	-2,817
9,88	-2,806
9,89	-2,794
9,9	-2,782
9,91	-2,768
9,92	-2,756
9,93	-2,743
9,94	-2,731
9,95	-2,718
9,96	-2,706
9,97	-2,694
9,98	-2,681
9,99	-2,667
10,0	-2,652
10,01	-2,638
10,02	-2,622
10,03	-2,606
10,04	-2,591
10,05	-2,576
10,06	-2,561
10,07	-2,547
10,08	-2,534
10,09	-2,521
10,1	-2,507
10,11	-2,494
10,12	-2,481
10,13	-2,468
10,14	-2,454
10,15	-2,442
10,16	-2,429
10,17	-2,417
10,18	-2,405
10,19	-2,394
10,2	-2,381
10,21	-2,369
10,22	-2,358
10,23	-2,348
10,24	-2,337
10,25	-2,326
10,26	-2,314
10,27	-2,304
10,28	-2,293
10,29	-2,283
10,3	-2,271
10,31	-2,259
10,32	-2,248
10,33	-2,236
10,34	-2,224
10,35	-2,213
10,36	-2,203
10,37	-2,192
10,38	-2,181
10,39	-2,167
10,4	-2,152
10,41	-2,135
10,42	-2,112
10,43	-2,084
10,44	-2,052
10,45	-2,016
10,46	-1,979
10,47	-1,941
10,48	-1,898
10,49	-1,849
10,5	-1,798
10,51	-1,743
10,52	-1,679
10,53	-1,609
10,54	-1,534
10,55	-1,459
10,56	-1,385
10,57	-1,313
10,58	-1,238
10,59	-1,160
10,6	-1,080
10,61	-1,001
10,62	-0,922
10,63	-0,843
10,64	-0,764
10,65	-0,682
10,66	-0,599
10,67	-0,514
10,68	-0,426
10,69	-0,333
10,7	-0,237
10,71	-0,137
10,72	-0,034
10,73	0,071
10,74	0,180
10,75	0,289
10,76	0,399
10,77	0,510
10,78	0,623
10,79	0,738
10,8	0,849
10,81	0,962
10,82	1,078
10,83	1,193
10,84	1,306
10,85	1,423
10,86	1,542
10,87	1,661
10,88	1,779
10,89	1,899
10,9	2,020
10,91	2,143
10,92	2,272
10,93	2,403
10,94	2,531
10,95	2,656
10,96	2,777
10,97	2,896
10,98	3,013
10,99	3,124
11,0	3,232
11,01	3,337
11,02	3,438
11,03	3,532
11,04	3,621
11,05	3,708
11,06	3,794
11,07	3,880
11,08	3,968
11,09	4,056
11,1	4,141
11,11	4,224
11,12	4,304
11,13	4,381
11,14	4,454
11,15	4,524
11,16	4,594
11,17	4,663
11,18	4,728
11,19	4,793
11,2	4,859
11,21	4,921
11,22	4,982
11,23	5,039
11,24	5,094
11,25	5,147
11,26	5,200
11,27	5,251
11,28	5,299
11,29	5,344
11,3	5,389
11,31	5,433
11,32	5,476
11,33	5,518
11,34	5,566
11,35	5,621
11,36	5,675
11,37	5,731
11,38	5,789
11,39	5,843
11,4	5,893
11,41	5,949
11,42	6,008
11,43	6,061
11,44	6,112
11,45	6,160
11,46	6,205
11,47	6,247
11,48	6,291
11,49	6,339
11,5	6,388
11,51	6,434
11,52	6,478
11,53	6,522
11,54	6,566
11,55	6,612
11,56	6,659
11,57	6,709
11,58	6,761
11,59	6,810
11,6	6,856
11,61	6,901
11,62	6,946
11,63	6,993
11,64	7,039
11,65	7,086
11,66	7,138
11,67	7,186
11,68	7,235
11,69	7,285
11,7	7,330
11,71	7,371
11,72	7,413
11,73	7,455
11,74	7,496
11,75	7,536
11,76	7,574
11,77	7,615
11,78	7,660
11,79	7,706
11,8	7,753
11,81	7,797
11,82	7,836
11,83	7,869
11,84	7,896
11,85	7,917
11,86	7,933
11,87	7,943
11,88	7,947
11,89	7,946
11,9	7,941
11,91	7,933
11,92	7,919
11,93	7,901
11,94	7,881
11,95	7,857
11,96	7,829
11,97	7,796
11,98	7,761
11,99	7,723
12,0	7,683
12,01	7,641
12,02	7,600
12,03	7,559
12,04	7,517
12,05	7,476
12,06	7,435
12,07	7,394
12,08	7,353
12,09	7,311
12,1	7,269
12,11	7,228
12,12	7,184
12,13	7,141
12,14	7,097
12,15	7,052
12,16	7,008
12,17	6,961
12,18	6,915
12,19	6,876
12,2	6,834
12,21	6,786
12,22	6,742
12,23	6,702
12,24	6,658
12,25	6,608
12,26	6,553
12,27	6,494
12,28	6,430
12,29	6,362
12,3	6,293
12,31	6,216
12,32	6,125
12,33	6,019
12,34	5,903
12,35	5,785
12,36	5,667
12,37	5,549
12,38	5,429
12,39	5,306
12,4	5,184
12,41	5,063
12,42	4,936
12,43	4,803
12,44	4,669
12,45	4,539
12,46	4,415
12,47	4,301
12,48	4,198
12,49	4,104
12,5	4,019
12,51	3,941
12,52	3,860
12,53	3,776
12,54	3,689
12,55	3,599
12,56	3,505
12,57	3,407
12,58	3,308
12,59	3,211
12,6	3,115
12,61	3,021
12,62	2,926
12,63	2,833
12,64	2,739
12,65	2,645
12,66	2,549
12,67	2,451
12,68	2,351
12,69	2,249
12,7	2,144
12,71	2,038
12,72	1,931
12,73	1,824
12,74	1,714
12,75	1,606
12,76	1,497
12,77	1,387
12,78	1,277
12,79	1,169
12,8	1,066
12,81	0,968
12,82	0,872
12,83	0,779
12,84	0,690
12,85	0,606
12,86	0,525
12,87	0,448
12,88	0,374
12,89	0,302
12,9	0,231
12,91	0,162
12,92	0,093
12,93	0,024
12,94	-0,044
12,95	-0,115
12,96	-0,186
12,97	-0,257
12,98	-0,328
12,99	-0,397
13,0	-0,461
13,01	-0,523
13,02	-0,584
13,03	-0,641
13,04	-0,699
13,05	-0,759
13,06	-0,823
13,07	-0,887
13,08	-0,948
13,09	-1,003
13,1	-1,055
13,11	-1,103
13,12	-1,156
13,13	-1,218
13,14	-1,281
13,15	-1,343
13,16	-1,403
13,17	-1,461
13,18	-1,519
13,19	-1,578
13,2	-1,636
13,21	-1,694
13,22	-1,754
13,23	-1,816
13,24	-1,881
13,25	-1,949
13,26	-2,016
13,27	-2,082
13,28	-2,146
13,29	-2,208
13,3	-2,266
13,31	-2,319
13,32	-2,365
13,33	-2,408
13,34	-2,451
13,35	-2,493
13,36	-2,531
13,37	-2,565
13,38	-2,601
13,39	-2,634
13,4	-2,662
13,41	-2,694
13,42	-2,731
13,43	-2,769
13,44	-2,805
13,45	-2,839
13,46	-2,873
13,47	-2,908
13,48	-2,944
13,49	-2,981
13,5	-3,019
13,51	-3,059
13,52	-3,101
13,53	-3,143
13,54	-3,187
13,55	-3,231
13,56	-3,276
13,57	-3,319
13,58	-3,359
13,59	-3,396
13,6	-3,431
13,61	-3,466
13,62	-3,499
13,63	-3,531
13,64	-3,563
13,65	-3,594
13,66	-3,626
13,67	-3,656
13,68	-3,682
13,69	-3,704
13,7	-3,726
13,71	-3,746
13,72	-3,766
13,73	-3,783
13,74	-3,800
13,75	-3,818
13,76	-3,836
13,77	-3,851
13,78	-3,866
13,79	-3,879
13,8	-3,894
13,81	-3,908
13,82	-3,923
13,83	-3,939
13,84	-3,953
13,85	-3,964
13,86	-3,972
13,87	-3,978
13,88	-3,983
13,89	-3,988
13,9	-3,994
13,91	-3,998
13,92	-4,001
13,93	-4,003
13,94	-4,004
13,95	-4,008
13,96	-4,011
13,97	-4,014
13,98	-4,018
13,99	-4,023
14,0	-4,030
14,01	-4,033
14,02	-4,036
14,03	-4,039
14,04	-4,041
14,05	-4,049
14,06	-4,067
14,07	-4,090
14,08	-4,109
14,09	-4,123
14,1	-4,131
14,11	-4,137
14,12	-4,139
14,13	-4,141
14,14	-4,143
14,15	-4,143
14,16	-4,144
14,17	-4,146
14,18	-4,148
14,19	-4,149
14,2	-4,150
14,21	-4,149
14,22	-4,148
14,23	-4,146
14,24	-4,144
14,25	-4,141
14,26	-4,138
14,27	-4,133
14,28	-4,129
14,29	-4,121
14,3	-4,112
14,31	-4,103
14,32	-4,089
14,33	-4,073
14,34	-4,059
14,35	-4,045
14,36	-4,031
14,37	-4,018
14,38	-4,003
14,39	-3,989
14,4	-3,974
14,41	-3,960
14,42	-3,946
14,43	-3,933
14,44	-3,921
14,45	-3,907
14,46	-3,893
14,47	-3,879
14,48	-3,866
14,49	-3,851
14,5	-3,837
14,51	-3,824
14,52	-3,810
14,53	-3,796
14,54	-3,783
14,55	-3,771
14,56	-3,759
14,57	-3,748
14,58	-3,736
14,59	-3,728
14,6	-3,723
14,61	-3,721
14,62	-3,720
14,63	-3,719
14,64	-3,718
14,65	-3,716
14,66	-3,712
14,67	-3,707
14,68	-3,701
14,69	-3,694
14,7	-3,688
14,71	-3,680
14,72	-3,671
14,73	-3,663
14,74	-3,654
14,75	-3,646
14,76	-3,636
14,77	-3,626
14,78	-3,614
14,79	-3,603
14,8	-3,591
14,81	-3,578
14,82	-3,564
14,83	-3,550
14,84	-3,536
14,85	-3,521
14,86	-3,503
14,87	-3,485
14,88	-3,466
14,89	-3,449
14,9	-3,436
14,91	-3,421
14,92	-3,402
14,93	-3,379
14,94	-3,359
14,95	-3,344
14,96	-3,328
14,97	-3,315
14,98	-3,304
14,99	-3,289
15,0	-3,273
15,01	-3,259
15,02	-3,251
15,03	-3,249
15,04	-3,251
15,05	-3,255
15,06	-3,261
15,07	-3,266
15,08	-3,271
15,09	-3,275
15,1	-3,279
15,11	-3,283
15,12	-3,287
15,13	-3,289
15,14	-3,287
15,15	-3,284
15,16	-3,280
15,17	-3,277
15,18	-3,273
15,19	-3,268
15,2	-3,261
15,21	-3,254
15,22	-3,246
15,23	-3,234
15,24	-3,220
15,25	-3,209
15,26	-3,196
15,27	-3,178
15,28	-3,161
15,29	-3,146
15,3	-3,129
15,31	-3,111
15,32	-3,093
15,33	-3,075
15,34	-3,057
15,35	-3,039
15,36	-3,022
15,37	-3,005
15,38	-2,988
15,39	-2,971
15,4	-2,954
15,41	-2,936
15,42	-2,918
15,43	-2,899
15,44	-2,881
15,45	-2,862
15,46	-2,843
15,47	-2,823
15,48	-2,800
15,49	-2,772
15,5	-2,739
15,51	-2,701
15,52	-2,661
15,53	-2,617
15,54	-2,569
15,55	-2,518
15,56	-2,462
15,57	-2,401
15,58	-2,334
15,59	-2,262
15,6	-2,184
15,61	-2,101
15,62	-2,011
15,63	-1,916
15,64	-1,819
15,65	-1,721
15,66	-1,621
15,67	-1,516
15,68	-1,411
15,69	-1,304
15,7	-1,198
15,71	-1,088
15,72	-0,978
15,73	-0,868
15,74	-0,756
15,75	-0,647
15,76	-0,541
15,77	-0,434
15,78	-0,328
15,79	-0,221
15,8	-0,116
15,81	-0,010
15,82	0,098
15,83	0,208
15,84	0,316
15,85	0,419
15,86	0,516
15,87	0,610
15,88	0,698
15,89	0,778
15,9	0,866
15,91	0,960
15,92	1,053
15,93	1,143
15,94	1,231
15,95	1,314
15,96	1,391
15,97	1,464
15,98	1,537
15,99	1,607
16,0	1,674
16,01	1,736
16,02	1,794
16,03	1,848
16,04	1,896
16,05	1,946
16,06	1,996
16,07	2,045
16,08	2,097
16,09	2,152
16,1	2,209
16,11	2,266
16,12	2,323
16,13	2,380
16,14	2,437
16,15	2,496
16,16	2,562
16,17	2,628
16,18	2,695
16,19	2,769
16,2	2,844
16,21	2,916
16,22	2,989
16,23	3,061
16,24	3,130
16,25	3,195
16,26	3,259
16,27	3,323
16,28	3,385
16,29	3,444
16,3	3,501
16,31	3,554
16,32	3,608
16,33	3,666
16,34	3,725
16,35	3,788
16,36	3,851
16,37	3,913
16,38	3,976
16,39	4,043
16,4	4,115
16,41	4,188
16,42	4,261
16,43	4,337
16,44	4,414
16,45	4,494
16,46	4,577
16,47	4,661
16,48	4,749
16,49	4,840
16,5	4,927
16,51	5,007
16,52	5,082
16,53	5,152
16,54	5,218
16,55	5,277
16,56	5,331
16,57	5,379
16,58	5,429
16,59	5,482
16,6	5,539
16,61	5,599
16,62	5,663
16,63	5,725
16,64	5,782
16,65	5,836
16,66	5,889
16,67	5,939
16,68	5,985
16,69	6,029
16,7	6,072
16,71	6,111
16,72	6,144
16,73	6,170
16,74	6,192
16,75	6,210
16,76	6,217
16,77	6,218
16,78	6,224
16,79	6,232
16,8	6,233
16,81	6,234
16,82	6,239
16,83	6,244
16,84	6,244
16,85	6,243
16,86	6,242
16,87	6,237
16,88	6,229
16,89	6,216
16,9	6,203
16,91	6,187
16,92	6,169
16,93	6,149
16,94	6,127
16,95	6,103
16,96	6,076
16,97	6,047
16,98	6,016
16,99	5,986
17,0	5,955
17,01	5,924
17,02	5,893
17,03	5,865
17,04	5,833
17,05	5,797
17,06	5,764
17,07	5,732
17,08	5,697
17,09	5,663
17,1	5,632
17,11	5,599
17,12	5,565
17,13	5,531
17,14	5,496
17,15	5,461
17,16	5,428
17,17	5,394
17,18	5,361
17,19	5,329
17,2	5,298
17,21	5,261
17,22	5,220
17,23	5,171
17,24	5,116
17,25	5,058
17,26	4,997
17,27	4,934
17,28	4,867
17,29	4,794
17,3	4,713
17,31	4,621
17,32	4,524
17,33	4,426
17,34	4,332
17,35	4,240
17,36	4,148
17,37	4,054
17,38	3,959
17,39	3,863
17,4	3,767
17,41	3,670
17,42	3,571
17,43	3,470
17,44	3,369
17,45	3,270
17,46	3,171
17,47	3,074
17,48	2,978
17,49	2,882
17,5	2,787
17,51	2,691
17,52	2,594
17,53	2,498
17,54	2,397
17,55	2,295
17,56	2,193
17,57	2,089
17,58	1,983
17,59	1,871
17,6	1,760
17,61	1,658
17,62	1,563
17,63	1,470
17,64	1,377
17,65	1,281
17,66	1,179
17,67	1,074
17,68	0,971
17,69	0,871
17,7	0,774
17,71	0,680
17,72	0,589
17,73	0,500
17,74	0,409
17,75	0,318
17,76	0,230
17,77	0,147
17,78	0,069
17,79	-0,004
17,8	-0,072
17,81	-0,136
17,82	-0,197
17,83	-0,258
17,84	-0,318
17,85	-0,376
17,86	-0,433
17,87	-0,489
17,88	-0,543
17,89	-0,595
17,9	-0,651
17,91	-0,703
17,92	-0,753
17,93	-0,808
17,94	-0,866
17,95	-0,922
17,96	-0,978
17,97	-1,034
17,98	-1,088
17,99	-1,141
18,0	-1,192
18,01	-1,241
18,02	-1,289
18,03	-1,339
18,04	-1,391
18,05	-1,442
18,06	-1,493
18,07	-1,544
18,08	-1,593
18,09	-1,642
18,1	-1,691
18,11	-1,739
18,12	-1,786
18,13	-1,833
18,14	-1,879
18,15	-1,925
18,16	-1,970
18,17	-2,012
18,18	-2,053
18,19	-2,092
18,2	-2,131
18,21	-2,169
18,22	-2,204
18,23	-2,239
18,24	-2,273
18,25	-2,306
18,26	-2,338
18,27	-2,372
18,28	-2,408
18,29	-2,442
18,3	-2,476
18,31	-2,507
18,32	-2,538
18,33	-2,567
18,34	-2,595
18,35	-2,621
18,36	-2,646
18,37	-2,668
18,38	-2,690
18,39	-2,711
18,4	-2,731
18,41	-2,753
18,42	-2,775
18,43	-2,796
18,44	-2,818
18,45	-2,841
18,46	-2,865
18,47	-2,890
18,48	-2,920
18,49	-2,951
18,5	-2,978
18,51	-3,004
18,52	-3,031
18,53	-3,059
18,54	-3,093
18,55	-3,136
18,56	-3,181
18,57	-3,222
18,58	-3,256
18,59	-3,286
18,6	-3,311
18,61	-3,337
18,62	-3,363
18,63	-3,389
18,64	-3,416
18,65	-3,442
18,66	-3,469
18,67	-3,494
18,68	-3,516
18,69	-3,533
18,7	-3,549
18,71	-3,564
18,72	-3,578
18,73	-3,593
18,74	-3,609
18,75	-3,625
18,76	-3,639
18,77	-3,651
18,78	-3,657
18,79	-3,661
18,8	-3,663
18,81	-3,659
18,82	-3,656
18,83	-3,657
18,84	-3,659
18,85	-3,663
18,86	-3,668
18,87	-3,669
18,88	-3,666
18,89	-3,663
18,9	-3,658
18,91	-3,650
18,92	-3,641
18,93	-3,628
18,94	-3,614
18,95	-3,598
18,96	-3,581
18,97	-3,564
18,98	-3,547
18,99	-3,531
19,0	-3,516
19,01	-3,501
19,02	-3,488
19,03	-3,474
19,04	-3,462
19,05	-3,451
19,06	-3,439
19,07	-3,429
19,08	-3,418
19,09	-3,407
19,1	-3,396
19,11	-3,384
19,12	-3,371
19,13	-3,359
19,14	-3,347
19,15	-3,334
19,16	-3,321
19,17	-3,309
19,18	-3,297
19,19	-3,284
19,2	-3,273
19,21	-3,260
19,22	-3,248
19,23	-3,235
19,24	-3,222
19,25	-3,209
19,26	-3,196
19,27	-3,184
19,28	-3,171
19,29	-3,157
19,3	-3,143
19,31	-3,127
19,32	-3,111
19,33	-3,094
19,34	-3,076
19,35	-3,058
19,36	-3,043
19,37	-3,029
19,38	-3,016
19,39	-3,001
19,4	-2,981
19,41	-2,961
19,42	-2,946
19,43	-2,931
19,44	-2,919
19,45	-2,911
19,46	-2,898
19,47	-2,882
19,48	-2,866
19,49	-2,854
19,5	-2,851
19,51	-2,853
19,52	-2,859
19,53	-2,867
19,54	-2,874
19,55	-2,882
19,56	-2,889
19,57	-2,896
19,58	-2,903
19,59	-2,910
19,6	-2,916
19,61	-2,919
19,62	-2,919
19,63	-2,915
19,64	-2,909
19,65	-2,902
19,66	-2,896
19,67	-2,888
19,68	-2,879
19,69	-2,870
19,7	-2,859
19,71	-2,846
19,72	-2,833
19,73	-2,822
19,74	-2,807
19,75	-2,792
19,76	-2,778
19,77	-2,764
19,78	-2,749
19,79	-2,736
19,8	-2,721
19,81	-2,706
19,82	-2,692
19,83	-2,681
19,84	-2,668
19,85	-2,657
19,86	-2,646
19,87	-2,636
19,88	-2,624
19,89	-2,613
19,9	-2,601
19,91	-2,589
19,92	-2,578
19,93	-2,569
19,94	-2,562
19,95	-2,556
19,96	-2,553
19,97	-2,550
19,98	-2,547
19,99	-2,542
20,0	-2,534
20,01	-2,526
20,02	-2,516
20,03	-2,504
20,04	-2,492
20,05	-2,480
20,06	-2,469
20,07	-2,456
20,08	-2,444
20,09	-2,430
20,1	-2,416
20,11	-2,402
20,12	-2,389
20,13	-2,375
20,14	-2,361
20,15	-2,348
20,16	-2,334
20,17	-2,322
20,18	-2,309
20,19	-2,297
20,2	-2,286
20,21	-2,274
20,22	-2,261
20,23	-2,248
20,24	-2,233
20,25	-2,215
20,26	-2,191
20,27	-2,159
20,28	-2,122
20,29	-2,080
20,3	-2,033
20,31	-1,979
20,32	-1,923
20,33	-1,861
20,34	-1,792
20,35	-1,717
20,36	-1,637
20,37	-1,543
20,38	-1,438
20,39	-1,332
20,4	-1,228
20,41	-1,129
20,42	-1,036
20,43	-0,946
20,44	-0,858
20,45	-0,771
20,46	-0,685
20,47	-0,603
20,48	-0,524
20,49	-0,449
20,5	-0,381
20,51	-0,316
20,52	-0,256
20,53	-0,196
20,54	-0,131
20,55	-0,059
20,56	0,023
20,57	0,114
20,58	0,215
20,59	0,323
20,6	0,436
20,61	0,556
20,62	0,679
20,63	0,806
20,64	0,934
20,65	1,059
20,66	1,183
20,67	1,311
20,68	1,437
20,69	1,559
20,7	1,681
20,71	1,802
20,72	1,926
20,73	2,059
20,74	2,199
20,75	2,343
20,76	2,490
20,77	2,636
20,78	2,776
20,79	2,911
20,8	3,043
20,81	3,178
20,82	3,319
20,83	3,462
20,84	3,607
20,85	3,749
20,86	3,890
20,87	4,034
20,88	4,180
20,89	4,326
20,9	4,468
20,91	4,608
20,92	4,748
20,93	4,887
20,94	5,024
20,95	5,166
20,96	5,324
20,97	5,496
20,98	5,676
20,99	5,856
21,0	6,029
21,01	6,189
21,02	6,334
21,03	6,470
21,04	6,602
21,05	6,732
21,06	6,869
21,07	7,018
21,08	7,173
21,09	7,322
21,1	7,468
21,11	7,608
21,12	7,738
21,13	7,859
21,14	7,972
21,15	8,073
21,16	8,173
21,17	8,273
21,18	8,363
21,19	8,444
21,2	8,512
21,21	8,569
21,22	8,621
21,23	8,663
21,24	8,689
21,25	8,707
21,26	8,717
21,27	8,713
21,28	8,691
21,29	8,660
21,3	8,624
21,31	8,582
21,32	8,541
21,33	8,501
21,34	8,461
21,35	8,416
21,36	8,371
21,37	8,325
21,38	8,281
21,39	8,236
21,4	8,191
21,41	8,147
21,42	8,101
21,43	8,055
21,44	8,007
21,45	7,958
21,46	7,909
21,47	7,859
21,48	7,811
21,49	7,763
21,5	7,718
21,51	7,671
21,52	7,622
21,53	7,574
21,54	7,527
21,55	7,479
21,56	7,433
21,57	7,388
21,58	7,338
21,59	7,279
21,6	7,216
21,61	7,151
21,62	7,086
21,63	7,018
21,64	6,951
21,65	6,880
21,66	6,804
21,67	6,719
21,68	6,628
21,69	6,527
21,7	6,423
21,71	6,316
21,72	6,208
21,73	6,101
21,74	5,995
21,75	5,894
21,76	5,798
21,77	5,701
21,78	5,601
21,79	5,499
21,8	5,397
21,81	5,293
21,82	5,186
21,83	5,078
21,84	4,971
21,85	4,865
21,86	4,760
21,87	4,657
21,88	4,555
21,89	4,453
21,9	4,351
21,91	4,249
21,92	4,147
21,93	4,046
21,94	3,944
21,95	3,845
21,96	3,748
21,97	3,651
21,98	3,556
21,99	3,462
22,0	3,371
22,01	3,282
22,02	3,195
22,03	3,107
22,04	3,014
22,05	2,920
22,06	2,820
22,07	2,711
22,08	2,604
22,09	2,500
22,1	2,394
22,11	2,284
22,12	2,166
22,13	2,041
22,14	1,912
22,15	1,781
22,16	1,651
22,17	1,523
22,18	1,396
22,19	1,271
22,2	1,146
22,21	1,022
22,22	0,900
22,23	0,779
22,24	0,659
22,25	0,541
22,26	0,427
22,27	0,319
22,28	0,218
22,29	0,124
22,3	0,036
22,31	-0,046
22,32	-0,124
22,33	-0,200
22,34	-0,274
22,35	-0,346
22,36	-0,414
22,37	-0,482
22,38	-0,543
22,39	-0,604
22,4	-0,671
22,41	-0,739
22,42	-0,807
22,43	-0,872
22,44	-0,931
22,45	-0,984
22,46	-1,036
22,47	-1,088
22,48	-1,141
22,49	-1,191
22,5	-1,240
22,51	-1,285
22,52	-1,329
22,53	-1,374
22,54	-1,419
22,55	-1,464
22,56	-1,509
22,57	-1,554
22,58	-1,598
22,59	-1,639
22,6	-1,682
22,61	-1,725
22,62	-1,770
22,63	-1,814
22,64	-1,858
22,65	-1,902
22,66	-1,946
22,67	-1,988
22,68	-2,027
22,69	-2,067
22,7	-2,105
22,71	-2,141
22,72	-2,174
22,73	-2,206
22,74	-2,235
22,75	-2,264
22,76	-2,293
22,77	-2,321
22,78	-2,346
22,79	-2,369
22,8	-2,391
22,81	-2,413
22,82	-2,433
22,83	-2,451
22,84	-2,467
22,85	-2,482
22,86	-2,499
22,87	-2,516
22,88	-2,532
22,89	-2,546
22,9	-2,559
22,91	-2,571
22,92	-2,589
22,93	-2,608
22,94	-2,630
