Interval=	0,01 s
ExcelDateTime=	4,1795674607928238e+004	05.06.2014 16:11:26,125
TimeFormat=	StartOfBlock
ChannelTitle=	Channel 1
Range=	20,000 mV
0,0	4,057
0,01	3,938
0,02	3,809
0,03	3,680
0,04	3,563
0,05	3,465
0,06	3,386
0,07	3,320
0,08	3,264
0,09	3,213
0,1	3,164
0,11	3,115
0,12	3,062
0,13	3,004
0,14	2,944
0,15	2,886
0,16	2,824
0,17	2,762
0,18	2,707
0,19	2,650
0,2	2,584
0,21	2,512
0,22	2,433
0,23	2,344
0,24	2,252
0,25	2,159
0,26	2,071
0,27	1,982
0,28	1,889
0,29	1,794
0,3	1,699
0,31	1,603
0,32	1,504
0,33	1,404
0,34	1,304
0,35	1,206
0,36	1,109
0,37	1,018
0,38	0,931
0,39	0,852
0,4	0,778
0,41	0,706
0,42	0,634
0,43	0,562
0,44	0,491
0,45	0,420
0,46	0,352
0,47	0,289
0,48	0,231
0,49	0,175
0,5	0,117
0,51	0,056
0,52	-0,013
0,53	-0,090
0,54	-0,160
0,55	-0,225
0,56	-0,292
0,57	-0,359
0,58	-0,432
0,59	-0,512
0,6	-0,594
0,61	-0,672
0,62	-0,747
0,63	-0,815
0,64	-0,878
0,65	-0,937
0,66	-0,991
0,67	-1,038
0,68	-1,081
0,69	-1,116
0,7	-1,140
0,71	-1,149
0,72	-1,144
0,73	-1,133
0,74	-1,125
0,75	-1,121
0,76	-1,115
0,77	-1,108
0,78	-1,101
0,79	-1,090
0,8	-1,076
0,81	-1,051
0,82	-1,008
0,83	-0,943
0,84	-0,854
0,85	-0,742
0,86	-0,604
0,87	-0,438
0,88	-0,251
0,89	-0,055
0,9	0,151
0,91	0,366
0,92	0,583
0,93	0,791
0,94	0,997
0,95	1,199
0,96	1,393
0,97	1,575
0,98	1,747
0,99	1,915
1,0	2,083
1,01	2,248
1,02	2,406
1,03	2,559
1,04	2,711
1,05	2,860
1,06	3,000
1,07	3,133
1,08	3,261
1,09	3,385
1,1	3,509
1,11	3,630
1,12	3,747
1,13	3,855
1,14	3,950
1,15	4,036
1,16	4,110
1,17	4,169
1,18	4,222
1,19	4,271
1,2	4,319
1,21	4,361
1,22	4,397
1,23	4,428
1,24	4,452
1,25	4,473
1,26	4,487
1,27	4,495
1,28	4,496
1,29	4,491
1,3	4,479
1,31	4,464
1,32	4,447
1,33	4,428
1,34	4,407
1,35	4,386
1,36	4,365
1,37	4,344
1,38	4,322
1,39	4,299
1,4	4,275
1,41	4,251
1,42	4,229
1,43	4,204
1,44	4,176
1,45	4,151
1,46	4,126
1,47	4,093
1,48	4,057
1,49	4,014
1,5	3,961
1,51	3,886
1,52	3,781
1,53	3,643
1,54	3,471
1,55	3,275
1,56	3,071
1,57	2,871
1,58	2,682
1,59	2,505
1,6	2,343
1,61	2,198
1,62	2,067
1,63	1,949
1,64	1,844
1,65	1,744
1,66	1,647
1,67	1,549
1,68	1,453
1,69	1,355
1,7	1,254
1,71	1,148
1,72	1,039
1,73	0,929
1,74	0,819
1,75	0,709
1,76	0,600
1,77	0,492
1,78	0,383
1,79	0,272
1,8	0,171
1,81	0,079
1,82	-0,009
1,83	-0,097
1,84	-0,194
1,85	-0,300
1,86	-0,402
1,87	-0,496
1,88	-0,581
1,89	-0,657
1,9	-0,727
1,91	-0,794
1,92	-0,860
1,93	-0,927
1,94	-0,997
1,95	-1,066
1,96	-1,133
1,97	-1,199
1,98	-1,262
1,99	-1,319
2,0	-1,371
2,01	-1,419
2,02	-1,464
2,03	-1,510
2,04	-1,554
2,05	-1,595
2,06	-1,634
2,07	-1,665
2,08	-1,689
2,09	-1,714
2,1	-1,742
2,11	-1,772
2,12	-1,806
2,13	-1,841
2,14	-1,877
2,15	-1,910
2,16	-1,940
2,17	-1,966
2,18	-1,986
2,19	-2,001
2,2	-2,007
2,21	-2,005
2,22	-1,998
2,23	-1,989
2,24	-1,974
2,25	-1,956
2,26	-1,941
2,27	-1,926
2,28	-1,914
2,29	-1,902
2,3	-1,885
2,31	-1,854
2,32	-1,803
2,33	-1,733
2,34	-1,636
2,35	-1,499
2,36	-1,319
2,37	-1,106
2,38	-0,884
2,39	-0,662
2,4	-0,447
2,41	-0,243
2,42	-0,046
2,43	0,153
2,44	0,356
2,45	0,558
2,46	0,755
2,47	0,953
2,48	1,141
2,49	1,312
2,5	1,469
2,51	1,612
2,52	1,743
2,53	1,867
2,54	1,985
2,55	2,098
2,56	2,204
2,57	2,304
2,58	2,397
2,59	2,482
2,6	2,559
2,61	2,632
2,62	2,703
2,63	2,769
2,64	2,831
2,65	2,893
2,66	2,952
2,67	3,009
2,68	3,064
2,69	3,122
2,7	3,178
2,71	3,231
2,72	3,283
2,73	3,328
2,74	3,364
2,75	3,398
2,76	3,430
2,77	3,457
2,78	3,479
2,79	3,498
2,8	3,511
2,81	3,518
2,82	3,519
2,83	3,514
2,84	3,505
2,85	3,490
2,86	3,473
2,87	3,453
2,88	3,433
2,89	3,413
2,9	3,394
2,91	3,375
2,92	3,355
2,93	3,335
2,94	3,315
2,95	3,296
2,96	3,276
2,97	3,256
2,98	3,235
2,99	3,214
3,0	3,192
3,01	3,167
3,02	3,142
3,03	3,120
3,04	3,098
3,05	3,068
3,06	3,030
3,07	2,983
3,08	2,930
3,09	2,874
3,1	2,818
3,11	2,766
3,12	2,709
3,13	2,637
3,14	2,558
3,15	2,475
3,16	2,386
3,17	2,285
3,18	2,169
3,19	2,038
3,2	1,898
3,21	1,754
3,22	1,606
3,23	1,458
3,24	1,308
3,25	1,161
3,26	1,017
3,27	0,878
3,28	0,741
3,29	0,609
3,3	0,487
3,31	0,374
3,32	0,271
3,33	0,177
3,34	0,094
3,35	0,018
3,36	-0,052
3,37	-0,117
3,38	-0,176
3,39	-0,233
3,4	-0,279
3,41	-0,318
3,42	-0,356
3,43	-0,394
3,44	-0,431
3,45	-0,472
3,46	-0,514
3,47	-0,555
3,48	-0,594
3,49	-0,631
3,5	-0,666
3,51	-0,699
3,52	-0,731
3,53	-0,763
3,54	-0,794
3,55	-0,824
3,56	-0,852
3,57	-0,879
3,58	-0,907
3,59	-0,935
3,6	-0,963
3,61	-0,991
3,62	-1,019
3,63	-1,048
3,64	-1,075
3,65	-1,101
3,66	-1,124
3,67	-1,143
3,68	-1,158
3,69	-1,173
3,7	-1,186
3,71	-1,200
3,72	-1,216
3,73	-1,234
3,74	-1,255
3,75	-1,273
3,76	-1,284
3,77	-1,289
3,78	-1,283
3,79	-1,273
3,8	-1,269
3,81	-1,268
3,82	-1,260
3,83	-1,248
3,84	-1,235
3,85	-1,216
3,86	-1,178
3,87	-1,118
3,88	-1,027
3,89	-0,905
3,9	-0,761
3,91	-0,601
3,92	-0,431
3,93	-0,252
3,94	-0,069
3,95	0,122
3,96	0,323
3,97	0,525
3,98	0,722
3,99	0,911
4,0	1,087
4,01	1,249
4,02	1,399
4,03	1,546
4,04	1,694
4,05	1,846
4,06	1,998
4,07	2,147
4,08	2,291
4,09	2,427
4,1	2,559
4,11	2,690
4,12	2,821
4,13	2,948
4,14	3,076
4,15	3,206
4,16	3,331
4,17	3,453
4,18	3,576
4,19	3,699
4,2	3,817
4,21	3,929
4,22	4,037
4,23	4,143
4,24	4,244
4,25	4,343
4,26	4,439
4,27	4,532
4,28	4,623
4,29	4,708
4,3	4,784
4,31	4,852
4,32	4,908
4,33	4,954
4,34	4,993
4,35	5,023
4,36	5,042
4,37	5,048
4,38	5,041
4,39	5,026
4,4	5,003
4,41	4,974
4,42	4,944
4,43	4,913
4,44	4,880
4,45	4,848
4,46	4,814
4,47	4,780
4,48	4,744
4,49	4,708
4,5	4,669
4,51	4,626
4,52	4,582
4,53	4,536
4,54	4,480
4,55	4,408
4,56	4,311
4,57	4,192
4,58	4,062
4,59	3,924
4,6	3,780
4,61	3,633
4,62	3,482
4,63	3,334
4,64	3,192
4,65	3,056
4,66	2,928
4,67	2,803
4,68	2,678
4,69	2,552
4,7	2,425
4,71	2,293
4,72	2,157
4,73	2,022
4,74	1,891
4,75	1,766
4,76	1,645
4,77	1,526
4,78	1,406
4,79	1,285
4,8	1,168
4,81	1,058
4,82	0,953
4,83	0,855
4,84	0,766
4,85	0,677
4,86	0,583
4,87	0,488
4,88	0,392
4,89	0,295
4,9	0,199
4,91	0,108
4,92	0,019
4,93	-0,065
4,94	-0,146
4,95	-0,225
4,96	-0,302
4,97	-0,376
4,98	-0,446
4,99	-0,510
5,0	-0,569
5,01	-0,624
5,02	-0,677
5,03	-0,729
5,04	-0,777
5,05	-0,823
5,06	-0,866
5,07	-0,906
5,08	-0,943
5,09	-0,980
5,1	-1,017
5,11	-1,053
5,12	-1,085
5,13	-1,113
5,14	-1,134
5,15	-1,149
5,16	-1,159
5,17	-1,163
5,18	-1,164
5,19	-1,161
5,2	-1,154
5,21	-1,146
5,22	-1,139
5,23	-1,134
5,24	-1,125
5,25	-1,112
5,26	-1,103
5,27	-1,103
5,28	-1,103
5,29	-1,087
5,3	-1,053
5,31	-1,014
5,32	-0,963
5,33	-0,873
5,34	-0,754
5,35	-0,615
5,36	-0,461
5,37	-0,299
5,38	-0,121
5,39	0,076
5,4	0,283
5,41	0,491
5,42	0,691
5,43	0,881
5,44	1,068
5,45	1,245
5,46	1,410
5,47	1,573
5,48	1,743
5,49	1,913
5,5	2,073
5,51	2,221
5,52	2,363
5,53	2,499
5,54	2,635
5,55	2,771
5,56	2,901
5,57	3,021
5,58	3,136
5,59	3,250
5,6	3,357
5,61	3,455
5,62	3,551
5,63	3,643
5,64	3,733
5,65	3,824
5,66	3,919
5,67	4,017
5,68	4,111
5,69	4,199
5,7	4,285
5,71	4,370
5,72	4,452
5,73	4,531
5,74	4,609
5,75	4,683
5,76	4,754
5,77	4,824
5,78	4,888
5,79	4,946
5,8	4,999
5,81	5,046
5,82	5,089
5,83	5,129
5,84	5,168
5,85	5,205
5,86	5,240
5,87	5,274
5,88	5,304
5,89	5,330
5,9	5,348
5,91	5,358
5,92	5,358
5,93	5,348
5,94	5,331
5,95	5,309
5,96	5,285
5,97	5,256
5,98	5,226
5,99	5,193
6,0	5,160
6,01	5,126
6,02	5,090
6,03	5,053
6,04	5,019
6,05	4,981
6,06	4,929
6,07	4,872
6,08	4,815
6,09	4,743
6,1	4,640
6,11	4,492
6,12	4,299
6,13	4,073
6,14	3,838
6,15	3,610
6,16	3,391
6,17	3,183
6,18	2,986
6,19	2,803
6,2	2,631
6,21	2,474
6,22	2,333
6,23	2,201
6,24	2,075
6,25	1,949
6,26	1,824
6,27	1,698
6,28	1,572
6,29	1,443
6,3	1,312
6,31	1,183
6,32	1,054
6,33	0,927
6,34	0,809
6,35	0,696
6,36	0,583
6,37	0,471
6,38	0,362
6,39	0,254
6,4	0,148
6,41	0,045
6,42	-0,055
6,43	-0,151
6,44	-0,244
6,45	-0,334
6,46	-0,424
6,47	-0,511
6,48	-0,596
6,49	-0,681
6,5	-0,766
6,51	-0,848
6,52	-0,922
6,53	-0,994
6,54	-1,065
6,55	-1,136
6,56	-1,206
6,57	-1,276
6,58	-1,346
6,59	-1,414
6,6	-1,480
6,61	-1,548
6,62	-1,617
6,63	-1,685
6,64	-1,749
6,65	-1,811
6,66	-1,867
6,67	-1,918
6,68	-1,967
6,69	-2,013
6,7	-2,056
6,71	-2,098
6,72	-2,136
6,73	-2,169
6,74	-2,198
6,75	-2,225
6,76	-2,248
6,77	-2,270
6,78	-2,292
6,79	-2,312
6,8	-2,326
6,81	-2,331
6,82	-2,327
6,83	-2,319
6,84	-2,306
6,85	-2,289
6,86	-2,276
6,87	-2,259
6,88	-2,234
6,89	-2,215
6,9	-2,198
6,91	-2,171
6,92	-2,128
6,93	-2,065
6,94	-1,978
6,95	-1,860
6,96	-1,705
6,97	-1,518
6,98	-1,317
6,99	-1,121
7,0	-0,939
7,01	-0,762
7,02	-0,578
7,03	-0,384
7,04	-0,177
7,05	0,034
7,06	0,242
7,07	0,441
7,08	0,629
7,09	0,804
7,1	0,970
7,11	1,128
7,12	1,277
7,13	1,420
7,14	1,558
7,15	1,686
7,16	1,806
7,17	1,921
7,18	2,029
7,19	2,130
7,2	2,226
7,21	2,313
7,22	2,394
7,23	2,468
7,24	2,534
7,25	2,595
7,26	2,659
7,27	2,723
7,28	2,784
7,29	2,843
7,3	2,901
7,31	2,959
7,32	3,017
7,33	3,079
7,34	3,145
7,35	3,209
7,36	3,270
7,37	3,328
7,38	3,381
7,39	3,430
7,4	3,478
7,41	3,521
7,42	3,556
7,43	3,582
7,44	3,599
7,45	3,607
7,46	3,607
7,47	3,601
7,48	3,588
7,49	3,569
7,5	3,551
7,51	3,534
7,52	3,515
7,53	3,493
7,54	3,469
7,55	3,446
7,56	3,425
7,57	3,400
7,58	3,370
7,59	3,342
7,6	3,314
7,61	3,278
7,62	3,233
7,63	3,168
7,64	3,074
7,65	2,949
7,66	2,791
7,67	2,611
7,68	2,432
7,69	2,266
7,7	2,114
7,71	1,974
7,72	1,844
7,73	1,723
7,74	1,607
7,75	1,498
7,76	1,394
7,77	1,294
7,78	1,198
7,79	1,103
7,8	1,007
7,81	0,909
7,82	0,810
7,83	0,710
7,84	0,606
7,85	0,497
7,86	0,386
7,87	0,272
7,88	0,161
7,89	0,059
7,9	-0,041
7,91	-0,142
7,92	-0,240
7,93	-0,335
7,94	-0,428
7,95	-0,521
7,96	-0,613
7,97	-0,702
7,98	-0,787
7,99	-0,867
8,0	-0,944
8,01	-1,018
8,02	-1,091
8,03	-1,160
8,04	-1,226
8,05	-1,291
8,06	-1,354
8,07	-1,417
8,08	-1,481
8,09	-1,544
8,1	-1,606
8,11	-1,664
8,12	-1,716
8,13	-1,761
8,14	-1,805
8,15	-1,848
8,16	-1,891
8,17	-1,939
8,18	-1,988
8,19	-2,034
8,2	-2,078
8,21	-2,118
8,22	-2,154
8,23	-2,185
8,24	-2,213
8,25	-2,240
8,26	-2,266
8,27	-2,289
8,28	-2,311
8,29	-2,329
8,3	-2,343
8,31	-2,353
8,32	-2,360
8,33	-2,365
8,34	-2,365
8,35	-2,357
8,36	-2,346
8,37	-2,333
8,38	-2,316
8,39	-2,297
8,4	-2,280
8,41	-2,262
8,42	-2,238
8,43	-2,204
8,44	-2,152
8,45	-2,071
8,46	-1,964
8,47	-1,838
8,48	-1,684
8,49	-1,504
8,5	-1,313
8,51	-1,120
8,52	-0,922
8,53	-0,713
8,54	-0,502
8,55	-0,298
8,56	-0,103
8,57	0,089
8,58	0,278
8,59	0,459
8,6	0,632
8,61	0,803
8,62	0,974
8,63	1,139
8,64	1,300
8,65	1,459
8,66	1,614
8,67	1,770
8,68	1,930
8,69	2,089
8,7	2,243
8,71	2,398
8,72	2,549
8,73	2,691
8,74	2,830
8,75	2,972
8,76	3,116
8,77	3,258
8,78	3,397
8,79	3,533
8,8	3,665
8,81	3,790
8,82	3,906
8,83	4,015
8,84	4,119
8,85	4,223
8,86	4,327
8,87	4,428
8,88	4,521
8,89	4,606
8,9	4,682
8,91	4,751
8,92	4,813
8,93	4,865
8,94	4,909
8,95	4,942
8,96	4,968
8,97	4,982
8,98	4,985
8,99	4,977
9,0	4,958
9,01	4,933
9,02	4,904
9,03	4,874
9,04	4,843
9,05	4,813
9,06	4,782
9,07	4,752
9,08	4,722
9,09	4,690
9,1	4,656
9,11	4,619
9,12	4,581
9,13	4,539
9,14	4,496
9,15	4,448
9,16	4,399
9,17	4,346
9,18	4,275
9,19	4,171
9,2	4,048
9,21	3,904
9,22	3,734
9,23	3,545
9,24	3,347
9,25	3,143
9,26	2,932
9,27	2,722
9,28	2,516
9,29	2,318
9,3	2,129
9,31	1,952
9,32	1,781
9,33	1,619
9,34	1,462
9,35	1,310
9,36	1,162
9,37	1,020
9,38	0,886
9,39	0,758
9,4	0,636
9,41	0,519
9,42	0,404
9,43	0,294
9,44	0,186
9,45	0,077
9,46	-0,033
9,47	-0,132
9,48	-0,223
9,49	-0,311
9,5	-0,394
9,51	-0,472
9,52	-0,547
9,53	-0,622
9,54	-0,696
9,55	-0,770
9,56	-0,842
9,57	-0,912
9,58	-0,980
9,59	-1,048
9,6	-1,116
9,61	-1,186
9,62	-1,259
9,63	-1,334
9,64	-1,409
9,65	-1,486
9,66	-1,564
9,67	-1,643
9,68	-1,721
9,69	-1,798
9,7	-1,873
9,71	-1,943
9,72	-2,010
9,73	-2,075
9,74	-2,136
9,75	-2,193
9,76	-2,246
9,77	-2,293
9,78	-2,336
9,79	-2,381
9,8	-2,424
9,81	-2,466
9,82	-2,506
9,83	-2,544
9,84	-2,582
9,85	-2,619
9,86	-2,654
9,87	-2,689
9,88	-2,723
9,89	-2,753
9,9	-2,777
9,91	-2,789
9,92	-2,788
9,93	-2,776
9,94	-2,761
9,95	-2,744
9,96	-2,716
9,97	-2,688
9,98	-2,666
9,99	-2,641
10,0	-2,617
10,01	-2,591
10,02	-2,543
10,03	-2,471
10,04	-2,384
10,05	-2,281
10,06	-2,149
10,07	-1,986
10,08	-1,808
10,09	-1,625
10,1	-1,447
10,11	-1,273
10,12	-1,094
10,13	-0,910
10,14	-0,723
10,15	-0,534
10,16	-0,348
10,17	-0,166
10,18	0,015
10,19	0,193
10,2	0,367
10,21	0,538
10,22	0,709
10,23	0,875
10,24	1,033
10,25	1,186
10,26	1,333
10,27	1,476
10,28	1,616
10,29	1,759
10,3	1,898
10,31	2,030
10,32	2,156
10,33	2,279
10,34	2,408
10,35	2,538
10,36	2,664
10,37	2,785
10,38	2,899
10,39	3,005
10,4	3,107
10,41	3,206
10,42	3,301
10,43	3,389
10,44	3,474
10,45	3,556
10,46	3,631
10,47	3,697
10,48	3,754
10,49	3,804
10,5	3,843
10,51	3,869
10,52	3,884
10,53	3,889
10,54	3,883
10,55	3,870
10,56	3,853
10,57	3,835
10,58	3,816
10,59	3,793
10,6	3,769
10,61	3,744
10,62	3,718
10,63	3,689
10,64	3,660
10,65	3,627
10,66	3,589
10,67	3,549
10,68	3,506
10,69	3,452
10,7	3,374
10,71	3,259
10,72	3,103
10,73	2,916
10,74	2,713
10,75	2,502
10,76	2,298
10,77	2,111
10,78	1,937
10,79	1,771
10,8	1,613
10,81	1,461
10,82	1,317
10,83	1,180
10,84	1,051
10,85	0,924
10,86	0,798
10,87	0,672
10,88	0,544
10,89	0,415
10,9	0,284
10,91	0,151
10,92	0,022
10,93	-0,104
10,94	-0,226
10,95	-0,343
10,96	-0,453
10,97	-0,556
10,98	-0,652
10,99	-0,745
11,0	-0,833
11,01	-0,915
11,02	-0,993
11,03	-1,064
11,04	-1,129
11,05	-1,195
11,06	-1,263
11,07	-1,329
11,08	-1,398
11,09	-1,469
11,1	-1,541
11,11	-1,613
11,12	-1,685
11,13	-1,755
11,14	-1,822
11,15	-1,888
11,16	-1,950
11,17	-2,009
11,18	-2,062
11,19	-2,111
11,2	-2,158
11,21	-2,201
11,22	-2,242
11,23	-2,281
11,24	-2,318
11,25	-2,351
11,26	-2,381
11,27	-2,409
11,28	-2,437
11,29	-2,466
11,3	-2,496
11,31	-2,526
11,32	-2,556
11,33	-2,584
11,34	-2,607
11,35	-2,628
11,36	-2,646
11,37	-2,661
11,38	-2,671
11,39	-2,672
11,4	-2,666
11,41	-2,653
11,42	-2,639
11,43	-2,620
11,44	-2,596
11,45	-2,575
11,46	-2,554
11,47	-2,531
11,48	-2,506
11,49	-2,468
11,5	-2,413
11,51	-2,334
11,52	-2,226
11,53	-2,082
11,54	-1,898
11,55	-1,686
11,56	-1,466
11,57	-1,247
11,58	-1,037
11,59	-0,844
11,6	-0,666
11,61	-0,494
11,62	-0,324
11,63	-0,154
11,64	0,021
11,65	0,201
11,66	0,380
11,67	0,554
11,68	0,720
11,69	0,883
11,7	1,046
11,71	1,208
11,72	1,371
11,73	1,537
11,74	1,697
11,75	1,851
11,76	2,001
11,77	2,144
11,78	2,281
11,79	2,413
11,8	2,541
11,81	2,664
11,82	2,786
11,83	2,904
11,84	3,015
11,85	3,117
11,86	3,216
11,87	3,311
11,88	3,399
11,89	3,484
11,9	3,567
11,91	3,650
11,92	3,734
11,93	3,816
11,94	3,897
11,95	3,975
11,96	4,046
11,97	4,111
11,98	4,175
11,99	4,238
12,0	4,297
12,01	4,349
12,02	4,401
12,03	4,452
12,04	4,503
12,05	4,549
12,06	4,592
12,07	4,629
12,08	4,659
12,09	4,681
12,1	4,694
12,11	4,699
12,12	4,695
12,13	4,683
12,14	4,661
12,15	4,633
12,16	4,598
12,17	4,558
12,18	4,511
12,19	4,457
12,2	4,399
12,21	4,339
12,22	4,273
12,23	4,185
12,24	4,069
12,25	3,927
12,26	3,758
12,27	3,569
12,28	3,374
12,29	3,175
12,3	2,976
12,31	2,774
12,32	2,569
12,33	2,378
12,34	2,208
12,35	2,049
12,36	1,897
12,37	1,745
12,38	1,590
12,39	1,434
12,4	1,282
12,41	1,131
12,42	0,980
12,43	0,826
12,44	0,672
12,45	0,519
12,46	0,366
12,47	0,211
12,48	0,054
12,49	-0,098
12,5	-0,242
12,51	-0,376
12,52	-0,501
12,53	-0,621
12,54	-0,734
12,55	-0,843
12,56	-0,945
12,57	-1,040
12,58	-1,127
12,59	-1,213
12,6	-1,290
12,61	-1,359
12,62	-1,430
12,63	-1,503
12,64	-1,574
12,65	-1,646
12,66	-1,716
12,67	-1,786
12,68	-1,854
12,69	-1,921
12,7	-1,986
12,71	-2,049
12,72	-2,111
12,73	-2,171
12,74	-2,230
12,75	-2,286
12,76	-2,337
12,77	-2,387
12,78	-2,433
12,79	-2,478
12,8	-2,519
12,81	-2,556
12,82	-2,589
12,83	-2,619
12,84	-2,645
12,85	-2,668
12,86	-2,685
12,87	-2,697
12,88	-2,703
12,89	-2,703
12,9	-2,694
12,91	-2,681
12,92	-2,660
12,93	-2,637
12,94	-2,615
12,95	-2,591
12,96	-2,567
12,97	-2,542
12,98	-2,510
12,99	-2,466
13,0	-2,398
13,01	-2,297
13,02	-2,165
13,03	-1,998
13,04	-1,799
13,05	-1,595
13,06	-1,402
13,07	-1,219
13,08	-1,043
13,09	-0,871
13,1	-0,698
13,11	-0,524
13,12	-0,356
13,13	-0,196
13,14	-0,046
13,15	0,098
13,16	0,238
13,17	0,375
13,18	0,508
13,19	0,630
13,2	0,740
13,21	0,841
13,22	0,941
13,23	1,040
13,24	1,135
13,25	1,225
13,26	1,312
13,27	1,399
13,28	1,486
13,29	1,566
13,3	1,640
13,31	1,713
13,32	1,786
13,33	1,863
13,34	1,941
13,35	2,021
13,36	2,098
13,37	2,171
13,38	2,244
13,39	2,315
13,4	2,387
13,41	2,465
13,42	2,551
13,43	2,636
13,44	2,718
13,45	2,800
13,46	2,878
13,47	2,949
13,48	3,019
13,49	3,087
13,5	3,156
13,51	3,223
13,52	3,286
13,53	3,344
13,54	3,398
13,55	3,449
13,56	3,498
13,57	3,544
13,58	3,587
13,59	3,623
13,6	3,652
13,61	3,674
13,62	3,689
13,63	3,699
13,64	3,704
13,65	3,708
13,66	3,709
13,67	3,705
13,68	3,694
13,69	3,674
13,7	3,649
13,71	3,620
13,72	3,589
13,73	3,559
13,74	3,533
13,75	3,505
13,76	3,473
13,77	3,438
13,78	3,402
13,79	3,366
13,8	3,321
13,81	3,260
13,82	3,183
13,83	3,093
13,84	2,988
13,85	2,862
13,86	2,718
13,87	2,559
13,88	2,389
13,89	2,208
13,9	2,019
13,91	1,839
13,92	1,672
13,93	1,514
13,94	1,361
13,95	1,213
13,96	1,067
13,97	0,921
13,98	0,778
13,99	0,638
14,0	0,500
14,01	0,362
14,02	0,223
14,03	0,084
14,04	-0,055
14,05	-0,194
14,06	-0,333
14,07	-0,469
14,08	-0,601
14,09	-0,728
14,1	-0,850
14,11	-0,968
14,12	-1,084
14,13	-1,198
14,14	-1,308
14,15	-1,418
14,16	-1,522
14,17	-1,622
14,18	-1,718
14,19	-1,805
14,2	-1,884
14,21	-1,965
14,22	-2,046
14,23	-2,126
14,24	-2,205
14,25	-2,283
14,26	-2,358
14,27	-2,431
14,28	-2,498
14,29	-2,561
14,3	-2,620
14,31	-2,674
14,32	-2,723
14,33	-2,765
14,34	-2,799
14,35	-2,823
14,36	-2,835
14,37	-2,835
14,38	-2,823
14,39	-2,808
14,4	-2,791
14,41	-2,775
14,42	-2,756
14,43	-2,734
14,44	-2,710
14,45	-2,688
14,46	-2,666
14,47	-2,639
14,48	-2,602
14,49	-2,543
14,5	-2,458
14,51	-2,350
14,52	-2,216
14,53	-2,053
14,54	-1,873
14,55	-1,687
14,56	-1,492
14,57	-1,285
14,58	-1,066
14,59	-0,846
14,6	-0,628
14,61	-0,414
14,62	-0,210
14,63	-0,015
14,64	0,176
14,65	0,365
14,66	0,549
14,67	0,729
14,68	0,903
14,69	1,068
14,7	1,219
14,71	1,359
14,72	1,494
14,73	1,630
14,74	1,762
14,75	1,886
14,76	2,005
14,77	2,116
14,78	2,218
14,79	2,315
14,8	2,408
14,81	2,498
14,82	2,581
14,83	2,664
14,84	2,750
14,85	2,835
14,86	2,918
14,87	2,999
14,88	3,078
14,89	3,156
14,9	3,231
14,91	3,303
14,92	3,372
14,93	3,439
14,94	3,503
14,95	3,564
14,96	3,618
14,97	3,665
14,98	3,714
14,99	3,762
15,0	3,803
15,01	3,843
15,02	3,883
15,03	3,914
15,04	3,939
15,05	3,960
15,06	3,976
15,07	3,988
15,08	3,993
15,09	3,991
15,1	3,982
15,11	3,968
15,12	3,947
15,13	3,919
15,14	3,888
15,15	3,853
15,16	3,813
15,17	3,769
15,18	3,721
15,19	3,673
15,2	3,621
15,21	3,556
15,22	3,466
15,23	3,352
15,24	3,210
15,25	3,043
15,26	2,859
15,27	2,666
15,28	2,473
15,29	2,287
15,3	2,108
15,31	1,940
15,32	1,786
15,33	1,646
15,34	1,513
15,35	1,384
15,36	1,253
15,37	1,119
15,38	0,984
15,39	0,846
15,4	0,708
15,41	0,572
15,42	0,438
15,43	0,304
15,44	0,173
15,45	0,037
15,46	-0,098
15,47	-0,218
15,48	-0,329
15,49	-0,436
15,5	-0,546
15,51	-0,665
15,52	-0,788
15,53	-0,911
15,54	-1,031
15,55	-1,146
15,56	-1,262
15,57	-1,379
15,58	-1,496
15,59	-1,614
15,6	-1,731
15,61	-1,846
15,62	-1,958
15,63	-2,064
15,64	-2,161
15,65	-2,251
15,66	-2,334
15,67	-2,411
15,68	-2,484
15,69	-2,552
15,7	-2,614
15,71	-2,674
15,72	-2,732
15,73	-2,787
15,74	-2,839
15,75	-2,888
15,76	-2,930
15,77	-2,972
15,78	-3,014
15,79	-3,053
15,8	-3,087
15,81	-3,115
15,82	-3,136
15,83	-3,152
15,84	-3,164
15,85	-3,170
15,86	-3,170
15,87	-3,166
15,88	-3,159
15,89	-3,148
15,9	-3,134
15,91	-3,121
15,92	-3,106
15,93	-3,089
15,94	-3,071
15,95	-3,054
15,96	-3,033
15,97	-3,013
15,98	-2,996
15,99	-2,980
16,0	-2,965
16,01	-2,950
16,02	-2,933
16,03	-2,914
16,04	-2,896
16,05	-2,881
16,06	-2,864
16,07	-2,843
16,08	-2,818
16,09	-2,789
16,1	-2,748
16,11	-2,691
16,12	-2,620
16,13	-2,536
16,14	-2,431
16,15	-2,299
16,16	-2,141
16,17	-1,971
16,18	-1,799
16,19	-1,628
16,2	-1,454
16,21	-1,274
16,22	-1,096
16,23	-0,922
16,24	-0,753
16,25	-0,591
16,26	-0,434
16,27	-0,279
16,28	-0,130
16,29	0,016
16,3	0,158
16,31	0,299
16,32	0,440
16,33	0,576
16,34	0,709
16,35	0,846
16,36	0,983
16,37	1,115
16,38	1,239
16,39	1,356
16,4	1,468
16,41	1,582
16,42	1,694
16,43	1,798
16,44	1,892
16,45	1,978
16,46	2,056
16,47	2,127
16,48	2,192
16,49	2,252
16,5	2,309
16,51	2,363
16,52	2,413
16,53	2,458
16,54	2,499
16,55	2,533
16,56	2,559
16,57	2,579
16,58	2,594
16,59	2,608
16,6	2,623
16,61	2,635
16,62	2,639
16,63	2,641
16,64	2,638
16,65	2,626
16,66	2,611
16,67	2,593
16,68	2,572
16,69	2,549
16,7	2,525
16,71	2,500
16,72	2,474
16,73	2,449
16,74	2,422
16,75	2,398
16,76	2,369
16,77	2,325
16,78	2,261
16,79	2,186
16,8	2,103
16,81	2,009
16,82	1,904
16,83	1,796
16,84	1,688
16,85	1,580
16,86	1,471
16,87	1,359
16,88	1,243
16,89	1,123
16,9	0,998
16,91	0,867
16,92	0,733
16,93	0,598
16,94	0,463
16,95	0,328
16,96	0,193
16,97	0,061
16,98	-0,066
16,99	-0,189
17,0	-0,308
17,01	-0,422
17,02	-0,532
17,03	-0,637
17,04	-0,736
17,05	-0,831
17,06	-0,924
17,07	-1,017
17,08	-1,113
17,09	-1,214
17,1	-1,314
17,11	-1,404
17,12	-1,488
17,13	-1,569
17,14	-1,651
17,15	-1,738
17,16	-1,831
17,17	-1,924
17,18	-2,013
17,19	-2,096
17,2	-2,176
17,21	-2,255
17,22	-2,334
17,23	-2,411
17,24	-2,487
17,25	-2,562
17,26	-2,634
17,27	-2,706
17,28	-2,777
17,29	-2,844
17,3	-2,907
17,31	-2,964
17,32	-3,018
17,33	-3,066
17,34	-3,113
17,35	-3,157
17,36	-3,199
17,37	-3,238
17,38	-3,276
17,39	-3,313
17,4	-3,342
17,41	-3,367
17,42	-3,394
17,43	-3,419
17,44	-3,439
17,45	-3,455
17,46	-3,464
17,47	-3,464
17,48	-3,451
17,49	-3,433
17,5	-3,410
17,51	-3,381
17,52	-3,355
17,53	-3,336
17,54	-3,313
17,55	-3,284
17,56	-3,255
17,57	-3,219
17,58	-3,169
17,59	-3,099
17,6	-3,015
17,61	-2,914
17,62	-2,781
17,63	-2,618
17,64	-2,438
17,65	-2,246
17,66	-2,044
17,67	-1,841
17,68	-1,643
17,69	-1,446
17,7	-1,245
17,71	-1,036
17,72	-0,822
17,73	-0,604
17,74	-0,382
17,75	-0,151
17,76	0,082
17,77	0,309
17,78	0,530
17,79	0,744
17,8	0,947
17,81	1,139
17,82	1,323
17,83	1,498
17,84	1,666
17,85	1,832
17,86	1,994
17,87	2,147
17,88	2,289
17,89	2,425
17,9	2,558
17,91	2,686
17,92	2,811
17,93	2,929
17,94	3,035
17,95	3,137
17,96	3,236
17,97	3,327
17,98	3,416
17,99	3,506
18,0	3,589
18,01	3,666
18,02	3,738
18,03	3,804
18,04	3,864
18,05	3,919
18,06	3,967
18,07	4,005
18,08	4,034
18,09	4,056
18,1	4,074
18,11	4,087
18,12	4,093
18,13	4,094
18,14	4,091
18,15	4,083
18,16	4,071
18,17	4,055
18,18	4,036
18,19	4,012
18,2	3,984
18,21	3,953
18,22	3,917
18,23	3,877
18,24	3,834
18,25	3,782
18,26	3,729
18,27	3,673
18,28	3,596
18,29	3,487
18,3	3,346
18,31	3,176
18,32	2,990
18,33	2,802
18,34	2,616
18,35	2,440
18,36	2,276
18,37	2,123
18,38	1,980
18,39	1,849
18,4	1,726
18,41	1,611
18,42	1,501
18,43	1,394
18,44	1,289
18,45	1,185
18,46	1,082
18,47	0,979
18,48	0,876
18,49	0,772
18,5	0,667
18,51	0,561
18,52	0,453
18,53	0,343
18,54	0,234
18,55	0,129
18,56	0,026
18,57	-0,074
18,58	-0,170
18,59	-0,260
18,6	-0,347
18,61	-0,432
18,62	-0,516
18,63	-0,599
18,64	-0,683
18,65	-0,768
18,66	-0,852
18,67	-0,934
18,68	-1,013
18,69	-1,091
18,7	-1,170
18,71	-1,256
18,72	-1,351
18,73	-1,446
18,74	-1,530
18,75	-1,606
18,76	-1,678
18,77	-1,751
18,78	-1,829
18,79	-1,910
18,8	-1,992
18,81	-2,073
18,82	-2,154
18,83	-2,239
18,84	-2,329
18,85	-2,421
18,86	-2,513
18,87	-2,604
18,88	-2,692
18,89	-2,776
18,9	-2,854
18,91	-2,927
18,92	-2,994
18,93	-3,058
18,94	-3,117
18,95	-3,172
18,96	-3,228
18,97	-3,280
18,98	-3,332
18,99	-3,381
19,0	-3,422
19,01	-3,457
19,02	-3,486
19,03	-3,508
19,04	-3,527
19,05	-3,556
19,06	-3,591
19,07	-3,627
19,08	-3,656
19,09	-3,668
19,1	-3,667
19,11	-3,654
19,12	-3,634
19,13	-3,607
19,14	-3,578
19,15	-3,551
19,16	-3,519
19,17	-3,478
19,18	-3,429
19,19	-3,366
19,2	-3,281
19,21	-3,172
19,22	-3,034
19,23	-2,872
19,24	-2,698
19,25	-2,521
19,26	-2,344
19,27	-2,176
19,28	-2,017
19,29	-1,870
19,3	-1,733
19,31	-1,604
19,32	-1,481
19,33	-1,361
19,34	-1,242
19,35	-1,127
19,36	-1,013
19,37	-0,899
19,38	-0,787
19,39	-0,677
19,4	-0,566
19,41	-0,454
19,42	-0,343
19,43	-0,233
19,44	-0,123
19,45	-0,013
19,46	0,100
19,47	0,215
19,48	0,331
19,49	0,445
19,5	0,560
19,51	0,674
19,52	0,784
19,53	0,896
19,54	1,010
19,55	1,123
19,56	1,238
19,57	1,354
19,58	1,468
19,59	1,588
19,6	1,716
19,61	1,840
19,62	1,954
19,63	2,063
19,64	2,168
19,65	2,276
19,66	2,389
19,67	2,505
19,68	2,618
19,69	2,726
19,7	2,829
19,71	2,925
19,72	3,009
19,73	3,081
19,74	3,144
19,75	3,198
19,76	3,239
19,77	3,268
19,78	3,281
19,79	3,281
19,8	3,271
19,81	3,254
19,82	3,234
19,83	3,209
19,84	3,183
19,85	3,156
19,86	3,124
19,87	3,090
19,88	3,058
19,89	3,025
19,9	2,989
19,91	2,945
19,92	2,884
19,93	2,805
19,94	2,710
19,95	2,600
19,96	2,478
19,97	2,348
19,98	2,219
19,99	2,099
20,0	1,988
20,01	1,878
20,02	1,769
20,03	1,661
20,04	1,550
20,05	1,434
20,06	1,313
20,07	1,186
20,08	1,053
20,09	0,916
20,1	0,779
20,11	0,641
20,12	0,506
20,13	0,376
20,14	0,247
20,15	0,121
20,16	-0,001
20,17	-0,120
20,18	-0,236
20,19	-0,349
20,2	-0,463
20,21	-0,576
20,22	-0,691
20,23	-0,803
20,24	-0,913
20,25	-1,021
20,26	-1,127
20,27	-1,229
20,28	-1,328
20,29	-1,428
20,3	-1,529
20,31	-1,633
20,32	-1,738
20,33	-1,849
20,34	-1,964
20,35	-2,067
20,36	-2,154
20,37	-2,236
20,38	-2,310
20,39	-2,385
20,4	-2,468
20,41	-2,558
20,42	-2,649
20,43	-2,734
20,44	-2,814
20,45	-2,889
20,46	-2,963
20,47	-3,036
20,48	-3,107
20,49	-3,180
