Interval=	0,01 s
ExcelDateTime=	4,2528612356187317e+004	07.06.2016 14:41:47,574584
TimeFormat=	StartOfBlock
DateFormat=	
ChannelTitle=	Channel 2
Range=	20,000 mV
0	-0,652
0,01	-0,634
0,02	-0,626
0,03	-0,632
0,04	-0,647
0,05	-0,642
0,06	-0,609
0,07	-0,547
0,08	-0,501
0,09	-0,534
0,1	-0,616
0,11	-0,654
0,12	-0,599
0,13	-0,463
0,14	-0,290
0,15	-0,063
0,16	0,256
0,17	0,619
0,18	0,951
0,19	1,228
0,2	1,417
0,21	1,479
0,22	1,394
0,23	1,188
0,24	0,933
0,25	0,672
0,26	0,400
0,27	0,129
0,28	-0,106
0,29	-0,304
0,3	-0,509
0,31	-0,716
0,32	-0,851
0,33	-0,891
0,34	-0,889
0,35	-0,893
0,36	-0,915
0,37	-0,973
0,38	-1,036
0,39	-1,059
0,4	-1,064
0,41	-1,058
0,42	-1,020
0,43	-0,945
0,44	-0,847
0,45	-0,749
0,46	-0,653
0,47	-0,533
0,48	-0,403
0,49	-0,291
0,5	-0,193
0,51	-0,094
0,52	-0,035
0,53	-0,053
0,54	-0,104
0,55	-0,137
0,56	-0,168
0,57	-0,246
0,58	-0,362
0,59	-0,438
0,6	-0,468
0,61	-0,534
0,62	-0,628
0,63	-0,695
0,64	-0,751
0,65	-0,798
0,66	-0,818
0,67	-0,816
0,68	-0,818
0,69	-0,839
0,7	-0,856
0,71	-0,843
0,72	-0,814
0,73	-0,796
0,74	-0,782
0,75	-0,749
0,76	-0,709
0,77	-0,700
0,78	-0,714
0,79	-0,711
0,8	-0,702
0,81	-0,696
0,82	-0,657
0,83	-0,604
0,84	-0,594
0,85	-0,601
0,86	-0,574
0,87	-0,541
0,88	-0,559
0,89	-0,602
0,9	-0,621
0,91	-0,626
0,92	-0,605
0,93	-0,511
0,94	-0,351
0,95	-0,156
0,96	0,109
0,97	0,453
0,98	0,793
0,99	1,046
1	1,196
1,01	1,262
1,02	1,254
1,03	1,174
1,04	1,005
1,05	0,736
1,06	0,408
1,07	0,122
1,08	-0,081
1,09	-0,264
1,1	-0,463
1,11	-0,632
1,12	-0,752
1,13	-0,851
1,14	-0,946
1,15	-1,019
1,16	-1,053
1,17	-1,068
1,18	-1,086
1,19	-1,081
1,2	-1,075
1,21	-1,097
1,22	-1,111
1,23	-1,064
1,24	-0,954
1,25	-0,801
1,26	-0,635
1,27	-0,489
1,28	-0,369
1,29	-0,260
1,3	-0,146
1,31	-0,058
1,32	-0,043
1,33	-0,066
1,34	-0,072
1,35	-0,086
1,36	-0,166
1,37	-0,279
1,38	-0,349
1,39	-0,404
1,4	-0,502
1,41	-0,603
1,42	-0,654
1,43	-0,677
1,44	-0,733
1,45	-0,818
1,46	-0,869
1,47	-0,876
1,48	-0,869
1,49	-0,847
1,5	-0,819
1,51	-0,819
1,52	-0,850
1,53	-0,866
1,54	-0,813
1,55	-0,734
1,56	-0,733
1,57	-0,770
1,58	-0,741
1,59	-0,664
1,6	-0,632
1,61	-0,653
1,62	-0,671
1,63	-0,657
1,64	-0,633
1,65	-0,608
1,66	-0,584
1,67	-0,567
1,68	-0,555
1,69	-0,549
1,7	-0,571
1,71	-0,614
1,72	-0,634
1,73	-0,617
1,74	-0,581
1,75	-0,501
1,76	-0,352
1,77	-0,156
1,78	0,120
1,79	0,516
1,8	0,917
1,81	1,181
1,82	1,297
1,83	1,350
1,84	1,367
1,85	1,284
1,86	1,066
1,87	0,758
1,88	0,433
1,89	0,161
1,9	-0,044
1,91	-0,237
1,92	-0,452
1,93	-0,651
1,94	-0,784
1,95	-0,843
1,96	-0,872
1,97	-0,923
1,98	-0,993
1,99	-1,054
2	-1,106
2,01	-1,133
2,02	-1,126
2,03	-1,109
2,04	-1,088
2,05	-1,023
2,06	-0,898
2,07	-0,771
2,08	-0,703
2,09	-0,657
2,1	-0,548
2,11	-0,370
2,12	-0,194
2,13	-0,069
2,14	-0,001
2,15	-0,006
2,16	-0,067
2,17	-0,132
2,18	-0,194
2,19	-0,267
2,2	-0,336
2,21	-0,391
2,22	-0,463
2,23	-0,571
2,24	-0,672
2,25	-0,718
2,26	-0,713
2,27	-0,734
2,28	-0,806
2,29	-0,868
2,3	-0,883
2,31	-0,840
2,32	-0,779
2,33	-0,781
2,34	-0,834
2,35	-0,858
2,36	-0,824
2,37	-0,753
2,38	-0,698
2,39	-0,706
2,4	-0,749
2,41	-0,766
2,42	-0,749
2,43	-0,719
2,44	-0,676
2,45	-0,631
2,46	-0,619
2,47	-0,646
2,48	-0,676
2,49	-0,666
2,5	-0,626
2,51	-0,611
2,52	-0,630
2,53	-0,667
2,54	-0,706
2,55	-0,695
2,56	-0,605
2,57	-0,443
2,58	-0,202
2,59	0,135
2,6	0,547
2,61	0,936
2,62	1,183
2,63	1,284
2,64	1,327
2,65	1,328
2,66	1,223
2,67	1,002
2,68	0,743
2,69	0,503
2,7	0,268
2,71	0,001
2,72	-0,281
2,73	-0,524
2,74	-0,672
2,75	-0,729
2,76	-0,772
2,77	-0,848
2,78	-0,935
2,79	-1,023
2,8	-1,107
2,81	-1,138
2,82	-1,108
2,83	-1,071
2,84	-1,061
2,85	-1,068
2,86	-1,059
2,87	-0,996
2,88	-0,866
2,89	-0,706
2,9	-0,581
2,91	-0,471
2,92	-0,339
2,93	-0,215
2,94	-0,128
2,95	-0,078
2,96	-0,075
2,97	-0,090
2,98	-0,104
2,99	-0,148
3	-0,243
3,01	-0,366
3,02	-0,470
3,03	-0,520
3,04	-0,551
3,05	-0,609
3,06	-0,676
3,07	-0,719
3,08	-0,753
3,09	-0,797
3,1	-0,843
3,11	-0,869
3,12	-0,888
3,13	-0,910
3,14	-0,919
3,15	-0,888
3,16	-0,828
3,17	-0,799
3,18	-0,819
3,19	-0,826
3,2	-0,796
3,21	-0,747
3,22	-0,703
3,23	-0,693
3,24	-0,693
3,25	-0,681
3,26	-0,686
3,27	-0,684
3,28	-0,641
3,29	-0,579
3,3	-0,554
3,31	-0,583
3,32	-0,619
3,33	-0,626
3,34	-0,636
3,35	-0,647
3,36	-0,614
3,37	-0,510
3,38	-0,350
3,39	-0,142
3,4	0,138
3,41	0,496
3,42	0,856
3,43	1,125
3,44	1,272
3,45	1,328
3,46	1,308
3,47	1,208
3,48	1,018
3,49	0,765
3,5	0,494
3,51	0,221
3,52	-0,039
3,53	-0,266
3,54	-0,453
3,55	-0,597
3,56	-0,712
3,57	-0,811
3,58	-0,888
3,59	-0,948
3,6	-1,013
3,61	-1,078
3,62	-1,117
3,63	-1,141
3,64	-1,147
3,65	-1,117
3,66	-1,072
3,67	-1,013
3,68	-0,941
3,69	-0,857
3,7	-0,729
3,71	-0,553
3,72	-0,383
3,73	-0,256
3,74	-0,188
3,75	-0,156
3,76	-0,115
3,77	-0,066
3,78	-0,033
3,79	-0,064
3,8	-0,188
3,81	-0,323
3,82	-0,389
3,83	-0,401
3,84	-0,432
3,85	-0,522
3,86	-0,634
3,87	-0,721
3,88	-0,778
3,89	-0,818
3,9	-0,848
3,91	-0,869
3,92	-0,873
3,93	-0,871
3,94	-0,878
3,95	-0,878
3,96	-0,856
3,97	-0,826
3,98	-0,804
3,99	-0,792
4	-0,776
4,01	-0,743
4,02	-0,713
4,03	-0,711
4,04	-0,718
4,05	-0,676
4,06	-0,591
4,07	-0,544
4,08	-0,566
4,09	-0,605
4,1	-0,626
4,11	-0,635
4,12	-0,637
4,13	-0,629
4,14	-0,613
4,15	-0,588
4,16	-0,539
4,17	-0,461
4,18	-0,355
4,19	-0,158
4,2	0,168
4,21	0,546
4,22	0,894
4,23	1,169
4,24	1,308
4,25	1,276
4,26	1,136
4,27	0,978
4,28	0,811
4,29	0,614
4,3	0,382
4,31	0,115
4,32	-0,162
4,33	-0,401
4,34	-0,584
4,35	-0,705
4,36	-0,776
4,37	-0,836
4,38	-0,906
4,39	-0,988
4,4	-1,071
4,41	-1,131
4,42	-1,163
4,43	-1,164
4,44	-1,153
4,45	-1,148
4,46	-1,125
4,47	-1,053
4,48	-0,929
4,49	-0,772
4,5	-0,609
4,51	-0,468
4,52	-0,354
4,53	-0,253
4,54	-0,168
4,55	-0,096
4,56	-0,039
4,57	-0,042
4,58	-0,109
4,59	-0,188
4,6	-0,259
4,61	-0,351
4,62	-0,451
4,63	-0,519
4,64	-0,558
4,65	-0,593
4,66	-0,656
4,67	-0,746
4,68	-0,802
4,69	-0,816
4,7	-0,834
4,71	-0,869
4,72	-0,895
4,73	-0,896
4,74	-0,873
4,75	-0,845
4,76	-0,816
4,77	-0,788
4,78	-0,777
4,79	-0,784
4,8	-0,787
4,81	-0,773
4,82	-0,756
4,83	-0,746
4,84	-0,723
4,85	-0,669
4,86	-0,602
4,87	-0,578
4,88	-0,619
4,89	-0,675
4,9	-0,695
4,91	-0,678
4,92	-0,626
4,93	-0,527
4,94	-0,386
4,95	-0,194
4,96	0,091
4,97	0,496
4,98	0,929
4,99	1,229
5	1,343
5,01	1,331
5,02	1,252
5,03	1,126
5,04	0,951
5,05	0,735
5,06	0,479
5,07	0,192
5,08	-0,081
5,09	-0,297
5,1	-0,484
5,11	-0,671
5,12	-0,797
5,13	-0,818
5,14	-0,828
5,15	-0,931
5,16	-1,076
5,17	-1,143
5,18	-1,140
5,19	-1,154
5,2	-1,159
5,21	-1,119
5,22	-1,074
5,23	-1,026
5,24	-0,959
5,25	-0,855
5,26	-0,696
5,27	-0,516
5,28	-0,371
5,29	-0,248
5,3	-0,141
5,31	-0,079
5,32	-0,054
5,33	-0,065
5,34	-0,114
5,35	-0,169
5,36	-0,224
5,37	-0,302
5,38	-0,389
5,39	-0,456
5,4	-0,505
5,41	-0,566
5,42	-0,644
5,43	-0,724
5,44	-0,809
5,45	-0,890
5,46	-0,922
5,47	-0,889
5,48	-0,841
5,49	-0,830
5,5	-0,819
5,51	-0,807
5,52	-0,861
5,53	-0,935
5,54	-0,920
5,55	-0,833
5,56	-0,771
5,57	-0,758
5,58	-0,756
5,59	-0,764
5,6	-0,781
5,61	-0,761
5,62	-0,684
5,63	-0,606
5,64	-0,603
5,65	-0,665
5,66	-0,729
5,67	-0,743
5,68	-0,660
5,69	-0,481
5,7	-0,270
5,71	-0,054
5,72	0,196
5,73	0,517
5,74	0,888
5,75	1,203
5,76	1,381
5,77	1,424
5,78	1,363
5,79	1,222
5,8	1,021
5,81	0,773
5,82	0,512
5,83	0,238
5,84	-0,067
5,85	-0,329
5,86	-0,481
5,87	-0,591
5,88	-0,729
5,89	-0,852
5,9	-0,922
5,91	-0,961
5,92	-0,989
5,93	-1,036
5,94	-1,103
5,95	-1,156
5,96	-1,167
5,97	-1,118
5,98	-1,040
5,99	-0,983
6	-0,939
6,01	-0,864
6,02	-0,719
6,03	-0,506
6,04	-0,300
6,05	-0,164
6,06	-0,107
6,07	-0,116
6,08	-0,145
6,09	-0,129
6,1	-0,066
6,11	-0,053
6,12	-0,151
6,13	-0,295
6,14	-0,403
6,15	-0,487
6,16	-0,575
6,17	-0,635
6,18	-0,657
6,19	-0,698
6,2	-0,779
6,21	-0,848
6,22	-0,869
6,23	-0,859
6,24	-0,849
6,25	-0,868
6,26	-0,908
6,27	-0,933
6,28	-0,916
6,29	-0,843
6,3	-0,749
6,31	-0,715
6,32	-0,755
6,33	-0,810
6,34	-0,821
6,35	-0,761
6,36	-0,669
6,37	-0,637
6,38	-0,691
6,39	-0,737
6,4	-0,694
6,41	-0,584
6,42	-0,514
6,43	-0,573
6,44	-0,685
6,45	-0,691
6,46	-0,509
6,47	-0,159
6,48	0,260
6,49	0,625
6,5	0,893
6,51	1,126
6,52	1,347
6,53	1,471
6,54	1,416
6,55	1,224
6,56	0,982
6,57	0,729
6,58	0,465
6,59	0,193
6,6	-0,061
6,61	-0,302
6,62	-0,539
6,63	-0,714
6,64	-0,802
6,65	-0,873
6,66	-0,952
6,67	-0,984
6,68	-0,989
6,69	-1,041
6,7	-1,105
6,71	-1,098
6,72	-1,065
6,73	-1,079
6,74	-1,079
6,75	-0,988
6,76	-0,846
6,77	-0,726
6,78	-0,638
6,79	-0,549
6,8	-0,416
6,81	-0,238
6,82	-0,083
6,83	-0,022
6,84	-0,061
6,85	-0,138
6,86	-0,190
6,87	-0,228
6,88	-0,279
6,89	-0,333
6,9	-0,388
6,91	-0,484
6,92	-0,611
6,93	-0,694
6,94	-0,708
6,95	-0,716
6,96	-0,777
6,97	-0,859
6,98	-0,901
6,99	-0,919
7	-0,932
7,01	-0,907
7,02	-0,861
7,03	-0,848
7,04	-0,873
7,05	-0,867
7,06	-0,806
7,07	-0,774
7,08	-0,800
7,09	-0,805
7,1	-0,749
7,11	-0,691
7,12	-0,688
7,13	-0,695
7,14	-0,691
7,15	-0,698
7,16	-0,682
7,17	-0,621
7,18	-0,586
7,19	-0,621
7,2	-0,726
7,21	-0,738
7,22	-0,493
7,23	-0,196
7,24	-0,006
7,25	0,215
7,26	0,519
7,27	0,810
7,28	1,063
7,29	1,284
7,3	1,403
7,31	1,329
7,32	1,108
7,33	0,874
7,34	0,647
7,35	0,374
7,36	0,052
7,37	-0,264
7,38	-0,516
7,39	-0,683
7,4	-0,784
7,41	-0,838
7,42	-0,873
7,43	-0,939
7,44	-1,053
7,45	-1,141
7,46	-1,156
7,47	-1,140
7,48	-1,131
7,49	-1,116
7,5	-1,072
7,51	-0,986
7,52	-0,862
7,53	-0,739
7,54	-0,640
7,55	-0,544
7,56	-0,461
7,57	-0,379
7,58	-0,261
7,59	-0,133
7,6	-0,027
7,61	0,029
7,62	-0,034
7,63	-0,208
7,64	-0,364
7,65	-0,403
7,66	-0,387
7,67	-0,434
7,68	-0,547
7,69	-0,647
7,7	-0,693
7,71	-0,718
7,72	-0,777
7,73	-0,901
7,74	-1,018
7,75	-0,999
7,76	-0,867
7,77	-0,770
7,78	-0,762
7,79	-0,787
7,8	-0,798
7,81	-0,811
7,82	-0,847
7,83	-0,849
7,84	-0,796
7,85	-0,792
7,86	-0,856
7,87	-0,824
7,88	-0,653
7,89	-0,557
7,9	-0,669
7,91	-0,805
7,92	-0,765
7,93	-0,639
7,94	-0,583
7,95	-0,524
7,96	-0,392
7,97	-0,248
7,98	-0,010
7,99	0,354
8	0,641
8,01	0,777
8,02	0,896
8,03	1,073
8,04	1,214
8,05	1,186
8,06	0,966
8,07	0,639
8,08	0,311
8,09	0,043
8,1	-0,176
8,11	-0,371
8,12	-0,527
8,13	-0,651
8,14	-0,770
8,15	-0,902
8,16	-1,042
8,17	-1,134
8,18	-1,156
8,19	-1,156
8,2	-1,158
8,21	-1,198
8,22	-1,273
8,23	-1,259
8,24	-1,094
8,25	-0,893
8,26	-0,781
8,27	-0,753
8,28	-0,737
8,29	-0,647
8,3	-0,461
8,31	-0,266
8,32	-0,153
8,33	-0,142
8,34	-0,193
8,35	-0,236
8,36	-0,224
8,37	-0,219
8,38	-0,298
8,39	-0,416
8,4	-0,539
8,41	-0,655
8,42	-0,723
8,43	-0,749
8,44	-0,763
8,45	-0,792
8,46	-0,864
8,47	-0,939
8,48	-0,933
8,49	-0,873
8,5	-0,861
8,51	-0,889
8,52	-0,887
8,53	-0,863
8,54	-0,860
8,55	-0,866
8,56	-0,847
8,57	-0,821
8,58	-0,836
8,59	-0,860
8,6	-0,811
8,61	-0,684
8,62	-0,603
8,63	-0,632
8,64	-0,696
8,65	-0,727
8,66	-0,731
8,67	-0,707
8,68	-0,629
8,69	-0,534
8,7	-0,476
8,71	-0,405
8,72	-0,224
8,73	0,091
8,74	0,482
8,75	0,894
8,76	1,282
8,77	1,571
8,78	1,680
8,79	1,600
8,8	1,367
8,81	1,026
8,82	0,664
8,83	0,359
8,84	0,120
8,85	-0,096
8,86	-0,325
8,87	-0,581
8,88	-0,829
8,89	-0,998
8,9	-1,054
8,91	-1,042
8,92	-1,044
8,93	-1,089
8,94	-1,145
8,95	-1,174
8,96	-1,163
8,97	-1,121
8,98	-1,073
8,99	-1,023
9	-0,966
9,01	-0,902
9,02	-0,822
9,03	-0,722
9,04	-0,626
9,05	-0,529
9,06	-0,402
9,07	-0,268
9,08	-0,181
9,09	-0,169
9,1	-0,223
9,11	-0,298
9,12	-0,357
9,13	-0,396
9,14	-0,442
9,15	-0,505
9,16	-0,596
9,17	-0,703
9,18	-0,771
9,19	-0,806
9,2	-0,859
9,21	-0,929
9,22	-0,976
9,23	-0,971
9,24	-0,946
9,25	-0,939
9,26	-0,937
9,27	-0,925
9,28	-0,917
9,29	-0,915
9,3	-0,901
9,31	-0,873
9,32	-0,830
9,33	-0,774
9,34	-0,743
9,35	-0,753
9,36	-0,776
9,37	-0,770
9,38	-0,729
9,39	-0,686
9,4	-0,666
9,41	-0,679
9,42	-0,708
9,43	-0,711
9,44	-0,672
9,45	-0,601
9,46	-0,497
9,47	-0,348
9,48	-0,146
9,49	0,114
9,5	0,427
9,51	0,761
9,52	1,083
9,53	1,362
9,54	1,531
9,55	1,514
9,56	1,308
9,57	0,988
9,58	0,646
9,59	0,344
9,6	0,069
9,61	-0,206
9,62	-0,475
9,63	-0,717
9,64	-0,917
9,65	-1,059
9,66	-1,119
9,67	-1,109
9,68	-1,089
9,69	-1,096
9,7	-1,134
9,71	-1,183
9,72	-1,213
9,73	-1,216
9,74	-1,199
9,75	-1,138
9,76	-1,004
9,77	-0,859
9,78	-0,781
9,79	-0,710
9,8	-0,584
9,81	-0,453
9,82	-0,333
9,83	-0,219
9,84	-0,151
9,85	-0,159
9,86	-0,229
9,87	-0,326
9,88	-0,411
9,89	-0,478
9,9	-0,542
9,91	-0,606
9,92	-0,641
9,93	-0,672
9,94	-0,761
9,95	-0,876
9,96	-0,940
9,97	-0,964
9,98	-0,993
9,99	-0,999
10	-0,959
10,01	-0,927
10,02	-0,954
10,03	-0,995
10,04	-0,985
10,05	-0,948
10,06	-0,940
10,07	-0,933
10,08	-0,882
10,09	-0,815
10,1	-0,786
10,11	-0,801
10,12	-0,813
10,13	-0,798
10,14	-0,790
10,15	-0,788
10,16	-0,763
10,17	-0,731
10,18	-0,729
10,19	-0,728
10,2	-0,654
10,21	-0,484
10,22	-0,231
10,23	0,085
10,24	0,405
10,25	0,696
10,26	0,992
10,27	1,292
10,28	1,482
10,29	1,463
10,3	1,259
10,31	0,971
10,32	0,684
10,33	0,411
10,34	0,111
10,35	-0,232
10,36	-0,551
10,37	-0,761
10,38	-0,879
10,39	-0,977
10,4	-1,077
10,41	-1,158
10,42	-1,203
10,43	-1,232
10,44	-1,270
10,45	-1,301
10,46	-1,319
10,47	-1,311
10,48	-1,264
10,49	-1,187
10,5	-1,079
10,51	-0,939
10,52	-0,787
10,53	-0,651
10,54	-0,523
10,55	-0,374
10,56	-0,241
10,57	-0,184
10,58	-0,208
10,59	-0,226
10,6	-0,198
10,61	-0,229
10,62	-0,354
10,63	-0,463
10,64	-0,526
10,65	-0,598
10,66	-0,694
10,67	-0,781
10,68	-0,881
10,69	-1,040
10,7	-0,960
10,71	-0,691
10,72	-0,753
10,73	-1,076
10,74	-1,232
10,75	-1,079
10,76	-0,901
10,77	-0,914
10,78	-1,027
10,79	-1,114
10,8	-1,108
10,81	-1,004
10,82	-0,829
10,83	-0,724
10,84	-0,774
10,85	-0,855
10,86	-0,864
10,87	-0,831
10,88	-0,809
10,89	-0,784
10,9	-0,763
10,91	-0,763
10,92	-0,736
10,93	-0,667
10,94	-0,642
10,95	-0,700
10,96	-0,771
10,97	-0,782
10,98	-0,756
10,99	-0,709
11	-0,559
11,01	-0,292
11,02	0,007
11,03	0,329
11,04	0,729
11,05	1,174
11,06	1,564
11,07	1,804
11,08	1,815
11,09	1,623
11,1	1,357
11,11	1,088
11,12	0,791
11,13	0,432
11,14	0,047
11,15	-0,292
11,16	-0,564
11,17	-0,776
11,18	-0,927
11,19	-1,038
11,2	-1,129
11,21	-1,182
11,22	-1,185
11,23	-1,172
11,24	-1,189
11,25	-1,242
11,26	-1,283
11,27	-1,261
11,28	-1,180
11,29	-1,078
11,3	-1,001
11,31	-0,966
11,32	-0,921
11,33	-0,817
11,34	-0,666
11,35	-0,506
11,36	-0,379
11,37	-0,301
11,38	-0,241
11,39	-0,186
11,4	-0,174
11,41	-0,239
11,42	-0,371
11,43	-0,511
11,44	-0,613
11,45	-0,676
11,46	-0,723
11,47	-0,778
11,48	-0,854
11,49	-0,930
11,5	-0,966
11,51	-0,963
11,52	-0,969
11,53	-1,016
11,54	-1,082
11,55	-1,091
11,56	-1,019
11,57	-0,948
11,58	-0,960
11,59	-1,013
11,6	-1,011
11,61	-0,974
11,62	-0,949
11,63	-0,914
11,64	-0,861
11,65	-0,839
11,66	-0,861
11,67	-0,874
11,68	-0,834
11,69	-0,760
11,7	-0,700
11,71	-0,686
11,72	-0,697
11,73	-0,715
11,74	-0,758
11,75	-0,784
11,76	-0,758
11,77	-0,708
11,78	-0,683
11,79	-0,697
11,8	-0,709
11,81	-0,644
11,82	-0,466
11,83	-0,186
11,84	0,158
11,85	0,532
11,86	0,909
11,87	1,262
11,88	1,558
11,89	1,708
11,9	1,663
11,91	1,489
11,92	1,246
11,93	0,938
11,94	0,566
11,95	0,150
11,96	-0,244
11,97	-0,571
11,98	-0,816
11,99	-0,951
12	-1,001
12,01	-1,044
12,02	-1,107
12,03	-1,170
12,04	-1,219
12,05	-1,242
12,06	-1,279
12,07	-1,266
12,08	-1,270
12,09	-1,359
12,1	-1,320
12,11	-1,091
12,12	-0,909
12,13	-1,004
12,14	-1,102
12,15	-0,620
12,16	0,204
12,17	0,312
12,18	-0,417
12,19	-1,006
12,2	-0,939
12,21	-0,539
12,22	-0,292
12,23	-0,221
12,24	-0,143
12,25	-0,171
12,26	-0,435
12,27	-0,756
12,28	-0,922
12,29	-0,978
12,3	-1,036
12,31	-1,009
12,32	-0,876
12,33	-0,865
12,34	-1,018
12,35	-1,102
12,36	-1,057
12,37	-1,018
12,38	-1,010
12,39	-0,961
12,4	-0,911
12,41	-0,947
12,42	-0,996
12,43	-0,949
12,44	-0,865
12,45	-0,863
12,46	-0,927
12,47	-0,946
12,48	-0,896
12,49	-0,840
12,5	-0,824
12,51	-0,822
12,52	-0,810
12,53	-0,807
12,54	-0,801
12,55	-0,766
12,56	-0,735
12,57	-0,713
12,58	-0,610
12,59	-0,353
12,6	0,011
12,61	0,399
12,62	0,786
12,63	1,151
12,64	1,434
12,65	1,579
12,66	1,551
12,67	1,367
12,68	1,078
12,69	0,745
12,7	0,425
12,71	0,119
12,72	-0,206
12,73	-0,555
12,74	-0,868
12,75	-1,058
12,76	-1,122
12,77	-1,142
12,78	-1,204
12,79	-1,298
12,8	-1,359
12,81	-1,393
12,82	-1,422
12,83	-1,429
12,84	-1,390
12,85	-1,318
12,86	-1,267
12,87	-1,233
12,88	-1,139
12,89	-0,977
12,9	-0,811
12,91	-0,664
12,92	-0,536
12,93	-0,426
12,94	-0,309
12,95	-0,170
12,96	-0,071
12,97	-0,082
12,98	-0,174
12,99	-0,293
13	-0,417
13,01	-0,527
13,02	-0,623
13,03	-0,708
13,04	-0,794
13,05	-0,871
13,06	-0,923
13,07	-0,958
13,08	-0,984
13,09	-1,003
13,1	-1,030
13,11	-1,069
13,12	-1,086
13,13	-1,067
13,14	-1,063
13,15	-1,066
13,16	-1,003
13,17	-0,950
13,18	-0,989
13,19	-1,031
13,2	-1,000
13,21	-0,890
13,22	-0,787
13,23	-0,798
13,24	-0,856
13,25	-0,849
13,26	-0,813
13,27	-0,792
13,28	-0,774
13,29	-0,754
13,3	-0,747
13,31	-0,758
13,32	-0,774
13,33	-0,776
13,34	-0,782
13,35	-0,819
13,36	-0,831
13,37	-0,753
13,38	-0,614
13,39	-0,451
13,4	-0,186
13,41	0,230
13,42	0,704
13,43	1,136
13,44	1,491
13,45	1,764
13,46	1,883
13,47	1,789
13,48	1,554
13,49	1,262
13,5	0,938
13,51	0,583
13,52	0,211
13,53	-0,143
13,54	-0,463
13,55	-0,753
13,56	-0,986
13,57	-1,115
13,58	-1,154
13,59	-1,173
13,6	-1,198
13,61	-1,213
13,62	-1,207
13,63	-1,204
13,64	-1,231
13,65	-1,264
13,66	-1,284
13,67	-1,281
13,68	-1,226
13,69	-1,109
13,7	-0,978
13,71	-0,852
13,72	-0,715
13,73	-0,582
13,74	-0,469
13,75	-0,342
13,76	-0,182
13,77	-0,087
13,78	-0,139
13,79	-0,236
13,8	-0,265
13,81	-0,281
13,82	-0,389
13,83	-0,555
13,84	-0,684
13,85	-0,768
13,86	-0,846
13,87	-0,919
13,88	-0,955
13,89	-0,984
13,9	-1,031
13,91	-1,073
13,92	-1,104
13,93	-1,127
13,94	-1,120
13,95	-1,071
13,96	-1,012
13,97	-0,998
13,98	-1,025
13,99	-1,033
14	-1,003
14,01	-0,961
14,02	-0,912
14,03	-0,860
14,04	-0,839
14,05	-0,861
14,06	-0,889
14,07	-0,882
14,08	-0,858
14,09	-0,859
14,1	-0,871
14,11	-0,844
14,12	-0,754
14,13	-0,596
14,14	-0,386
14,15	-0,143
14,16	0,162
14,17	0,551
14,18	0,973
14,19	1,334
14,2	1,583
14,21	1,703
14,22	1,660
14,23	1,443
14,24	1,098
14,25	0,714
14,26	0,361
14,27	0,049
14,28	-0,252
14,29	-0,556
14,3	-0,829
14,31	-1,026
14,32	-1,119
14,33	-1,146
14,34	-1,194
14,35	-1,283
14,36	-1,359
14,37	-1,394
14,38	-1,401
14,39	-1,398
14,4	-1,387
14,41	-1,364
14,42	-1,321
14,43	-1,243
14,44	-1,123
14,45	-0,973
14,46	-0,823
14,47	-0,669
14,48	-0,489
14,49	-0,334
14,5	-0,276
14,51	-0,255
14,52	-0,198
14,53	-0,156
14,54	-0,198
14,55	-0,300
14,56	-0,411
14,57	-0,519
14,58	-0,635
14,59	-0,738
14,6	-0,791
14,61	-0,816
14,62	-0,888
14,63	-1,021
14,64	-1,136
14,65	-1,169
14,66	-1,133
14,67	-1,068
14,68	-1,021
14,69	-1,028
14,7	-1,068
14,71	-1,114
14,72	-1,119
14,73	-1,051
14,74	-0,968
14,75	-0,950
14,76	-0,979
14,77	-0,979
14,78	-0,933
14,79	-0,882
14,8	-0,866
14,81	-0,886
14,82	-0,921
14,83	-0,921
14,84	-0,863
14,85	-0,805
14,86	-0,801
14,87	-0,811
14,88	-0,743
14,89	-0,554
14,9	-0,284
14,91	0,057
14,92	0,491
14,93	0,954
14,94	1,347
14,95	1,666
14,96	1,891
14,97	1,945
14,98	1,803
14,99	1,499
15	1,107
15,01	0,704
15,02	0,335
15,03	0,001
15,04	-0,314
15,05	-0,602
15,06	-0,849
15,07	-1,044
15,08	-1,169
15,09	-1,224
15,1	-1,240
15,11	-1,256
15,12	-1,286
15,13	-1,307
15,14	-1,299
15,15	-1,299
15,16	-1,339
15,17	-1,377
15,18	-1,340
15,19	-1,222
15,2	-1,063
15,21	-0,906
15,22	-0,797
15,23	-0,720
15,24	-0,617
15,25	-0,461
15,26	-0,294
15,27	-0,183
15,28	-0,160
15,29	-0,213
15,3	-0,302
15,31	-0,369
15,32	-0,408
15,33	-0,463
15,34	-0,583
15,35	-0,751
15,36	-0,881
15,37	-0,923
15,38	-0,936
15,39	-0,985
15,4	-1,045
15,41	-1,093
15,42	-1,134
15,43	-1,155
15,44	-1,149
15,45	-1,115
15,46	-1,095
15,47	-1,103
15,48	-1,107
15,49	-1,088
15,5	-1,036
15,51	-0,988
15,52	-0,974
15,53	-0,971
15,54	-0,964
15,55	-0,943
15,56	-0,899
15,57	-0,866
15,58	-0,873
15,59	-0,889
15,6	-0,877
15,61	-0,848
15,62	-0,834
15,63	-0,839
15,64	-0,838
15,65	-0,821
15,66	-0,772
15,67	-0,621
15,68	-0,340
15,69	0,048
15,7	0,512
15,71	0,997
15,72	1,441
15,73	1,809
15,74	2,024
15,75	2,026
15,76	1,866
15,77	1,602
15,78	1,258
15,79	0,872
15,8	0,479
15,81	0,084
15,82	-0,296
15,83	-0,600
15,84	-0,819
15,85	-1,012
15,86	-1,168
15,87	-1,224
15,88	-1,208
15,89	-1,203
15,9	-1,227
15,91	-1,258
15,92	-1,294
15,93	-1,328
15,94	-1,341
15,95	-1,325
15,96	-1,276
15,97	-1,190
15,98	-1,088
15,99	-1,004
16	-0,921
16,01	-0,789
16,02	-0,618
16,03	-0,471
16,04	-0,391
16,05	-0,351
16,06	-0,294
16,07	-0,238
16,08	-0,247
16,09	-0,328
16,1	-0,408
16,11	-0,461
16,12	-0,554
16,13	-0,696
16,14	-0,797
16,15	-0,830
16,16	-0,869
16,17	-0,971
16,18	-1,091
16,19	-1,164
16,2	-1,176
16,21	-1,164
16,22	-1,144
16,23	-1,121
16,24	-1,119
16,25	-1,120
16,26	-1,085
16,27	-1,041
16,28	-1,033
16,29	-1,036
16,3	-1,019
16,31	-0,999
16,32	-0,986
16,33	-0,960
16,34	-0,921
16,35	-0,886
16,36	-0,865
16,37	-0,871
16,38	-0,882
16,39	-0,835
16,4	-0,755
16,41	-0,754
16,42	-0,839
16,43	-0,908
16,44	-0,901
16,45	-0,821
16,46	-0,669
16,47	-0,405
16,48	-0,009
16,49	0,448
16,5	0,878
16,51	1,256
16,52	1,581
16,53	1,816
16,54	1,883
16,55	1,754
16,56	1,494
16,57	1,169
16,58	0,806
16,59	0,434
16,6	0,063
16,61	-0,289
16,62	-0,569
16,63	-0,778
16,64	-0,951
16,65	-1,073
16,66	-1,140
16,67	-1,180
16,68	-1,218
16,69	-1,263
16,7	-1,307
16,71	-1,328
16,72	-1,320
16,73	-1,299
16,74	-1,300
16,75	-1,316
16,76	-1,293
16,77	-1,191
16,78	-1,034
16,79	-0,868
16,8	-0,712
16,81	-0,565
16,82	-0,430
16,83	-0,328
16,84	-0,265
16,85	-0,223
16,86	-0,204
16,87	-0,245
16,88	-0,343
16,89	-0,424
16,9	-0,453
16,91	-0,508
16,92	-0,632
16,93	-0,772
16,94	-0,884
16,95	-0,951
16,96	-0,983
16,97	-0,987
16,98	-1,003
16,99	-1,079
17	-1,164
17,01	-1,179
17,02	-1,149
17,03	-1,121
17,04	-1,073
17,05	-0,996
17,06	-0,966
17,07	-1,026
17,08	-1,091
17,09	-1,059
17,1	-0,946
17,11	-0,844
17,12	-0,816
17,13	-0,856
17,14	-0,904
17,15	-0,921
17,16	-0,921
17,17	-0,908
17,18	-0,856
17,19	-0,806
17,2	-0,818
17,21	-0,826
17,22	-0,727
17,23	-0,493
17,24	-0,118
17,25	0,384
17,26	0,922
17,27	1,391
17,28	1,741
17,29	1,961
17,3	2,004
17,31	1,856
17,32	1,582
17,33	1,249
17,34	0,888
17,35	0,511
17,36	0,128
17,37	-0,245
17,38	-0,563
17,39	-0,803
17,4	-0,986
17,41	-1,116
17,42	-1,184
17,43	-1,219
17,44	-1,262
17,45	-1,312
17,46	-1,343
17,47	-1,356
17,48	-1,373
17,49	-1,391
17,5	-1,387
17,51	-1,347
17,52	-1,268
17,53	-1,154
17,54	-1,016
17,55	-0,889
17,56	-0,790
17,57	-0,666
17,58	-0,497
17,59	-0,355
17,6	-0,300
17,61	-0,286
17,62	-0,244
17,63	-0,224
17,64	-0,299
17,65	-0,417
17,66	-0,494
17,67	-0,548
17,68	-0,647
17,69	-0,802
17,7	-0,958
17,71	-1,043
17,72	-1,057
17,73	-1,054
17,74	-1,081
17,75	-1,129
17,76	-1,174
17,77	-1,184
17,78	-1,163
17,79	-1,131
17,8	-1,099
17,81	-1,074
17,82	-1,058
17,83	-1,052
17,84	-1,048
17,85	-1,029
17,86	-1,016
17,87	-1,020
17,88	-1,004
17,89	-0,937
17,9	-0,866
17,91	-0,851
17,92	-0,858
17,93	-0,848
17,94	-0,840
17,95	-0,820
17,96	-0,780
17,97	-0,779
17,98	-0,847
17,99	-0,883
18	-0,733
18,01	-0,332
18,02	0,237
18,03	0,816
18,04	1,296
18,05	1,656
18,06	1,947
18,07	2,155
18,08	2,158
18,09	1,911
18,1	1,514
18,11	1,113
18,12	0,771
18,13	0,441
18,14	0,106
18,15	-0,207
18,16	-0,501
18,17	-0,828
18,18	-1,126
18,19	-1,242
18,2	-1,195
18,21	-1,168
18,22	-1,239
18,23	-1,324
18,24	-1,345
18,25	-1,319
18,26	-1,293
18,27	-1,266
18,28	-1,255
18,29	-1,276
18,3	-1,287
18,31	-1,216
18,32	-1,058
18,33	-0,886
18,34	-0,739
18,35	-0,602
18,36	-0,482
18,37	-0,394
18,38	-0,300
18,39	-0,219
18,4	-0,230
18,41	-0,331
18,42	-0,436
18,43	-0,494
18,44	-0,538
18,45	-0,616
18,46	-0,719
18,47	-0,822
18,48	-0,927
18,49	-1,009
18,5	-1,032
18,51	-1,047
18,52	-1,094
18,53	-1,116
18,54	-1,078
18,55	-1,022
18,56	-1,048
18,57	-1,144
18,58	-1,183
18,59	-1,158
18,6	-1,136
18,61	-1,129
18,62	-1,114
18,63	-1,074
18,64	-1,019
18,65	-0,978
18,66	-0,983
18,67	-1,023
18,68	-1,021
18,69	-0,948
18,7	-0,882
18,71	-0,873
18,72	-0,860
18,73	-0,820
18,74	-0,826
18,75	-0,866
18,76	-0,814
18,77	-0,601
18,78	-0,273
18,79	0,124
18,8	0,582
18,81	1,081
18,82	1,550
18,83	1,886
18,84	2,002
18,85	1,912
18,86	1,717
18,87	1,459
18,88	1,117
18,89	0,722
18,9	0,324
18,91	-0,054
18,92	-0,395
18,93	-0,664
18,94	-0,850
18,95	-0,991
18,96	-1,117
18,97	-1,196
18,98	-1,224
18,99	-1,268
19	-1,339
19,01	-1,380
19,02	-1,396
19,03	-1,413
19,04	-1,421
19,05	-1,402
19,06	-1,347
19,07	-1,256
19,08	-1,128
19,09	-0,970
19,1	-0,808
19,11	-0,673
19,12	-0,575
19,13	-0,478
19,14	-0,343
19,15	-0,212
19,16	-0,179
19,17	-0,239
19,18	-0,321
19,19	-0,380
19,2	-0,429
19,21	-0,487
19,22	-0,584
19,23	-0,715
19,24	-0,823
19,25	-0,910
19,26	-1,004
19,27	-1,098
19,28	-1,162
19,29	-1,176
19,3	-1,158
19,31	-1,143
19,32	-1,149
19,33	-1,148
19,34	-1,125
19,35	-1,119
19,36	-1,146
19,37	-1,166
19,38	-1,144
19,39	-1,086
19,4	-1,017
19,41	-0,950
19,42	-0,901
19,43	-0,880
19,44	-0,900
19,45	-0,972
19,46	-1,043
19,47	-1,046
19,48	-1,016
19,49	-1,014
19,5	-1,013
19,51	-0,957
19,52	-0,845
19,53	-0,686
19,54	-0,449
19,55	-0,092
19,56	0,361
19,57	0,831
19,58	1,242
19,59	1,541
19,6	1,711
19,61	1,759
19,62	1,656
19,63	1,389
19,64	1,034
19,65	0,677
19,66	0,336
19,67	-0,017
19,68	-0,364
19,69	-0,639
19,7	-0,833
19,71	-0,989
19,72	-1,121
19,73	-1,225
19,74	-1,318
19,75	-1,396
19,76	-1,451
19,77	-1,505
19,78	-1,577
19,79	-1,594
19,8	-1,508
19,81	-1,428
19,82	-1,436
19,83	-1,424
19,84	-1,282
19,85	-1,042
19,86	-0,824
19,87	-0,698
19,88	-0,631
19,89	-0,553
19,9	-0,418
19,91	-0,243
19,92	-0,118
19,93	-0,104
19,94	-0,154
19,95	-0,218
19,96	-0,328
19,97	-0,501
19,98	-0,654
19,99	-0,725
20	-0,766
20,01	-0,848
20,02	-0,966
20,03	-1,073
20,04	-1,143
20,05	-1,174
20,06	-1,186
20,07	-1,195
20,08	-1,197
20,09	-1,184
20,1	-1,169
20,11	-1,166
20,12	-1,159
20,13	-1,129
20,14	-1,079
20,15	-1,038
20,16	-1,036
20,17	-1,030
20,18	-0,980
20,19	-0,919
20,2	-0,868
20,21	-0,831
20,22	-0,826
20,23	-0,867
20,24	-0,919
20,25	-0,890
20,26	-0,780
20,27	-0,695
20,28	-0,635
20,29	-0,474
20,3	-0,156
20,31	0,251
20,32	0,651
20,33	1,027
20,34	1,333
20,35	1,448
20,36	1,374
20,37	1,266
20,38	1,184
20,39	1,032
20,4	0,768
20,41	0,449
20,42	0,130
20,43	-0,160
20,44	-0,434
20,45	-0,716
20,46	-0,968
20,47	-1,122
20,48	-1,206
20,49	-1,322
20,5	-1,486
20,51	-1,608
20,52	-1,648
20,53	-1,643
20,54	-1,610
20,55	-1,529
20,56	-1,437
20,57	-1,372
20,58	-1,295
20,59	-1,159
20,6	-0,974
20,61	-0,779
20,62	-0,594
20,63	-0,416
20,64	-0,248
20,65	-0,111
20,66	-0,033
20,67	-0,054
20,68	-0,151
20,69	-0,233
20,7	-0,273
20,71	-0,328
20,72	-0,437
20,73	-0,584
20,74	-0,734
20,75	-0,834
20,76	-0,869
20,77	-0,903
20,78	-0,982
20,79	-1,059
20,8	-1,096
20,81	-1,116
20,82	-1,139
20,83	-1,152
20,84	-1,142
20,85	-1,101
20,86	-1,039
20,87	-0,998
20,88	-0,999
20,89	-1,014
20,9	-1,009
20,91	-1,001
20,92	-1,012
20,93	-1,026
20,94	-1,003
20,95	-0,943
20,96	-0,886
20,97	-0,828
20,98	-0,701
20,99	-0,465
21	-0,123
21,01	0,319
21,02	0,808
21,03	1,214
21,04	1,437
21,05	1,523
21,06	1,531
21,07	1,454
21,08	1,286
21,09	1,036
21,1	0,705
21,11	0,314
21,12	-0,050
21,13	-0,319
21,14	-0,541
21,15	-0,775
21,16	-0,984
21,17	-1,126
21,18	-1,218
21,19	-1,303
21,2	-1,384
21,21	-1,474
21,22	-1,596
21,23	-1,704
21,24	-1,713
21,25	-1,613
21,26	-1,477
21,27	-1,369
21,28	-1,295
21,29	-1,192
21,3	-1,001
21,31	-0,746
21,32	-0,499
21,33	-0,315
21,34	-0,233
21,35	-0,221
21,36	-0,211
21,37	-0,190
21,38	-0,181
21,39	-0,205
21,4	-0,276
21,41	-0,387
21,42	-0,516
21,43	-0,633
21,44	-0,714
21,45	-0,779
21,46	-0,874
21,47	-0,985
21,48	-1,064
21,49	-1,101
21,5	-1,099
21,51	-1,047
21,52	-0,993
21,53	-1,019
21,54	-1,098
21,55	-1,112
21,56	-1,049
21,57	-1,027
21,58	-1,062
21,59	-1,054
21,6	-0,987
21,61	-0,936
21,62	-0,927
21,63	-0,919
21,64	-0,897
21,65	-0,886
21,66	-0,864
21,67	-0,782
21,68	-0,631
21,69	-0,379
21,7	0,032
21,71	0,568
21,72	1,079
21,73	1,461
21,74	1,729
21,75	1,894
21,76	1,905
21,77	1,757
21,78	1,481
21,79	1,105
21,8	0,713
21,81	0,374
21,82	0,049
21,83	-0,296
21,84	-0,602
21,85	-0,803
21,86	-0,939
21,87	-1,064
21,88	-1,176
21,89	-1,266
21,9	-1,346
21,91	-1,408
21,92	-1,433
21,93	-1,454
21,94	-1,516
21,95	-1,574
21,96	-1,539
21,97	-1,404
21,98	-1,238
21,99	-1,121
22	-1,038
22,01	-0,888
22,02	-0,652
22,03	-0,429
22,04	-0,272
22,05	-0,164
22,06	-0,126
22,07	-0,148
22,08	-0,186
22,09	-0,220
22,1	-0,268
22,11	-0,347
22,12	-0,451
22,13	-0,558
22,14	-0,654
22,15	-0,736
22,16	-0,802
22,17	-0,876
22,18	-0,973
22,19	-1,060
22,2	-1,111
22,21	-1,110
22,22	-1,093
22,23	-1,113
22,24	-1,126
22,25	-1,086
22,26	-1,046
22,27	-1,043
22,28	-1,041
22,29	-1,013
22,3	-0,989
22,31	-0,988
22,32	-0,986
22,33	-0,973
22,34	-0,956
22,35	-0,897
22,36	-0,816
22,37	-0,766
22,38	-0,677
22,39	-0,398
22,4	0,124
22,41	0,716
22,42	1,152
22,43	1,415
22,44	1,609
22,45	1,748
22,46	1,758
22,47	1,608
22,48	1,318
22,49	0,943
22,5	0,567
22,51	0,225
22,52	-0,104
22,53	-0,414
22,54	-0,661
22,55	-0,835
22,56	-0,983
22,57	-1,133
22,58	-1,264
22,59	-1,356
22,6	-1,416
22,61	-1,456
22,62	-1,485
22,63	-1,500
22,64	-1,474
22,65	-1,393
22,66	-1,288
22,67	-1,189
22,68	-1,059
22,69	-0,847
22,7	-0,593
22,71	-0,334
22,72	-0,115
22,73	0,001
22,74	0,036
22,75	0,063
22,76	0,085
22,77	0,048
22,78	-0,081
22,79	-0,249
22,8	-0,388
22,81	-0,489
22,82	-0,588
22,83	-0,735
22,84	-0,916
22,85	-1,020
22,86	-0,995
22,87	-0,938
22,88	-0,982
22,89	-1,074
22,9	-1,069
22,91	-1,018
22,92	-1,091
22,93	-1,246
22,94	-1,252
22,95	-1,111
22,96	-1,047
22,97	-1,076
22,98	-1,056
22,99	-0,987
23	-0,946
23,01	-0,926
23,02	-0,911
23,03	-0,953
23,04	-1,016
23,05	-0,949
23,06	-0,686
23,07	-0,331
23,08	0,044
23,09	0,479
23,1	0,957
23,11	1,404
23,12	1,781
23,13	2,021
23,14	2,013
23,15	1,768
23,16	1,454
23,17	1,176
23,18	0,881
23,19	0,528
23,2	0,151
23,21	-0,224
23,22	-0,584
23,23	-0,899
23,24	-1,107
23,25	-1,189
23,26	-1,228
23,27	-1,279
23,28	-1,323
23,29	-1,330
23,3	-1,329
23,31	-1,366
23,32	-1,433
23,33	-1,483
23,34	-1,445
23,35	-1,297
23,36	-1,127
23,37	-0,986
23,38	-0,869
23,39	-0,771
23,4	-0,660
23,41	-0,501
23,42	-0,316
23,43	-0,176
23,44	-0,128
23,45	-0,166
23,46	-0,246
23,47	-0,317
23,48	-0,378
23,49	-0,446
23,5	-0,514
23,51	-0,602
23,52	-0,732
23,53	-0,859
23,54	-0,955
23,55	-1,018
23,56	-1,040
23,57	-1,026
23,58	-0,997
23,59	-1,018
23,6	-1,113
23,61	-1,199
23,62	-1,221
23,63	-1,225
23,64	-1,252
23,65	-1,256
23,66	-1,202
23,67	-1,126
23,68	-1,056
23,69	-0,991
23,7	-0,966
23,71	-1,002
23,72	-1,072
23,73	-1,112
23,74	-1,064
23,75	-0,934
23,76	-0,751
23,77	-0,481
23,78	-0,061
23,79	0,458
23,8	0,960
23,81	1,405
23,82	1,818
23,83	2,158
23,84	2,308
23,85	2,217
23,86	1,942
23,87	1,567
23,88	1,146
23,89	0,723
23,9	0,311
23,91	-0,086
23,92	-0,430
23,93	-0,709
23,94	-0,946
23,95	-1,137
23,96	-1,263
23,97	-1,326
23,98	-1,357
23,99	-1,394
24	-1,437
24,01	-1,458
24,02	-1,458
24,03	-1,453
24,04	-1,436
24,05	-1,374
24,06	-1,258
24,07	-1,142
24,08	-1,072
24,09	-0,995
24,1	-0,836
24,11	-0,621
24,12	-0,428
24,13	-0,293
24,14	-0,231
24,15	-0,238
24,16	-0,278
24,17	-0,316
24,18	-0,341
24,19	-0,381
24,2	-0,480
24,21	-0,621
24,22	-0,742
24,23	-0,804
24,24	-0,819
24,25	-0,858
24,26	-0,969
24,27	-1,100
24,28	-1,159
24,29	-1,126
24,3	-1,073
24,31	-1,070
24,32	-1,126
24,33	-1,189
24,34	-1,192
24,35	-1,118
24,36	-1,021
24,37	-0,988
24,38	-1,049
24,39	-1,121
24,4	-1,125
24,41	-1,072
24,42	-1,001
24,43	-0,943
24,44	-0,932
24,45	-0,963
24,46	-0,978
24,47	-0,923
24,48	-0,797
24,49	-0,612
24,5	-0,314
24,51	0,140
24,52	0,674
24,53	1,176
24,54	1,596
24,55	1,923
24,56	2,101
24,57	2,096
24,58	1,928
24,59	1,617
24,6	1,218
24,61	0,807
24,62	0,406
24,63	-0,008
24,64	-0,410
24,65	-0,734
24,66	-0,971
24,67	-1,136
24,68	-1,245
24,69	-1,322
24,7	-1,376
24,71	-1,419
24,72	-1,453
24,73	-1,462
24,74	-1,474
24,75	-1,511
24,76	-1,521
24,77	-1,448
24,78	-1,321
24,79	-1,169
24,8	-0,992
24,81	-0,825
24,82	-0,702
24,83	-0,592
24,84	-0,463
24,85	-0,329
24,86	-0,223
24,87	-0,166
24,88	-0,173
24,89	-0,229
24,9	-0,295
24,91	-0,376
24,92	-0,473
24,93	-0,578
24,94	-0,704
24,95	-0,823
24,96	-0,899
24,97	-0,943
24,98	-0,985
24,99	-1,037
25	-1,088
25,01	-1,137
25,02	-1,184
25,03	-1,216
25,04	-1,201
25,05	-1,152
25,06	-1,121
25,07	-1,129
25,08	-1,166
25,09	-1,186
25,1	-1,136
25,11	-1,055
25,12	-1,028
25,13	-1,044
25,14	-1,053
25,15	-1,027
25,16	-0,972
25,17	-0,924
25,18	-0,907
25,19	-0,902
25,2	-0,889
25,21	-0,873
25,22	-0,816
25,23	-0,632
25,24	-0,276
25,25	0,218
25,26	0,741
25,27	1,196
25,28	1,555
25,29	1,809
25,3	1,920
25,31	1,870
25,32	1,682
25,33	1,395
25,34	1,046
25,35	0,671
25,36	0,278
25,37	-0,131
25,38	-0,516
25,39	-0,821
25,4	-1,027
25,41	-1,147
25,42	-1,231
25,43	-1,319
25,44	-1,421
25,45	-1,521
25,46	-1,596
25,47	-1,634
25,48	-1,648
25,49	-1,639
25,5	-1,596
25,51	-1,502
25,52	-1,357
25,53	-1,193
25,54	-1,034
25,55	-0,876
25,56	-0,706
25,57	-0,519
25,58	-0,334
25,59	-0,188
25,6	-0,122
25,61	-0,131
25,62	-0,174
25,63	-0,216
25,64	-0,268
25,65	-0,350
25,66	-0,453
25,67	-0,563
25,68	-0,667
25,69	-0,777
25,7	-0,889
25,71	-0,959
25,72	-0,993
25,73	-1,045
25,74	-1,104
25,75	-1,121
25,76	-1,108
25,77	-1,113
25,78	-1,149
25,79	-1,182
25,8	-1,172
25,81	-1,131
25,82	-1,092
25,83	-1,058
25,84	-1,027
25,85	-1,016
25,86	-1,024
25,87	-1,021
25,88	-0,992
25,89	-0,954
25,9	-0,921
25,91	-0,883
25,92	-0,842
25,93	-0,809
25,94	-0,816
25,95	-0,840
25,96	-0,824
25,97	-0,763
25,98	-0,636
25,99	-0,381
26	0,021
26,01	0,503
26,02	0,975
26,03	1,366
26,04	1,619
26,05	1,730
26,06	1,731
26,07	1,623
26,08	1,389
26,09	1,061
26,1	0,693
26,11	0,301
26,12	-0,103
26,13	-0,444
26,14	-0,691
